inicial_x,inicial_y,passos
154,142,7773
108,75,7553
188,155,4555
129,82,4774
77,90,16576
128,210,6647
113,110,1555
119,105,9638
165,184,3001
71,109,6005
128,55,1213
123,156,572
174,122,12405
160,231,7263
163,100,3476
138,94,2206
118,145,1126
26,26,4222
40,54,13134
116,87,1813
43,117,17247
56,101,6458
94,142,536
138,154,7567
173,45,34726
160,8,8556
184,40,59275
112,67,31200
64,114,2746
219,72,2521
24,180,9010
178,103,8827
126,86,4215
68,132,8217
27,188,11108
153,92,6662
26,113,8235
122,140,2481
118,97,3332
121,75,1872
156,85,3437
35,125,21812
135,94,3015
133,134,25
110,161,2328
129,112,20872
138,133,95
174,80,4705
95,148,3201
174,34,15011
132,185,742
124,10,8783
142,96,13532
162,101,2143
109,140,5209
137,153,10414
157,214,4485
55,132,7177
158,60,16341
40,173,6389
101,123,296
177,134,10001
122,96,1685
128,154,540
198,126,8565
121,114,1512
65,59,14169
90,116,887
126,125,1
117,80,11690
132,166,1626
153,109,946
186,221,3106
224,57,3695
153,146,8587
229,51,13187
122,53,2521
137,142,137
70,137,2500
95,180,12694
116,148,152
111,40,31361
73,180,5668
101,153,1381
61,107,16756
80,61,3342
45,164,11172
70,136,2148
131,137,17
147,101,1904
180,53,6139
72,197,13780
83,197,15871
91,241,9228
102,131,192
67,110,8603
108,198,12669
161,160,2725
14,95,9820
141,108,882
8,170,12819
55,122,4223
95,154,4607
132,99,11360
119,57,5474
112,190,1484
99,164,2555
31,54,8515
91,122,807
106,162,17928
173,193,6663
107,107,1287
60,121,10861
69,116,1357
141,161,4245
133,88,1469
108,99,2756
174,76,6884
85,146,6491
178,195,3491
29,70,4180
123,63,13006
94,23,7851
133,92,1056
189,83,12153
76,121,820
183,38,15716
105,163,2865
134,165,520
93,144,821
54,17,12239
101,96,2603
115,131,200
190,200,3174
124,117,1
125,104,6476
98,128,457
169,221,3279
28,88,6691
103,128,8428
130,153,637
160,220,16160
178,159,3032
214,121,5628
142,115,117
41,133,2877
156,187,3956
197,115,5057
128,125,1
9,120,20779
117,139,19
201,130,4272
117,117,16
74,136,5717
217,115,6148
107,111,178
143,136,174
77,175,5404
108,184,735
67,82,5327
167,93,3102
82,168,5587
47,198,21647
186,86,5148
19,99,6866
88,101,9677
88,70,31254
120,185,3014
118,133,21
216,243,26882
108,112,323
196,230,10526
110,165,5162
152,144,10280
15,100,4826
110,172,818
98,145,556
203,113,3706
123,181,903
76,111,6438
97,121,8297
77,102,1936
193,117,11368
141,128,63
190,138,17667
129,118,1
153,42,3270
108,137,1601
129,71,11723
113,141,1469
184,137,5343
122,198,1198
147,151,1594
99,104,117
62,92,2970
128,168,4927
136,129,2
93,109,307
127,117,2
125,67,2759
158,145,255
134,174,7731
58,90,1695
170,158,6612
117,150,1
111,108,1505
79,44,5473
136,63,4479
137,137,1078
116,144,30
141,187,5576
40,42,6026
132,75,2414
128,135,1
99,111,2653
91,132,668
136,167,1948
64,145,3613
176,139,2882
77,172,9914
140,180,2305
150,98,242
51,147,4713
90,80,8926
48,199,3131
133,132,1
204,59,4735
156,68,17082
115,174,6748
82,65,5988
136,112,35
134,107,769
114,127,18
149,73,6233
69,101,1309
118,153,20
162,114,1409
119,129,14
146,63,13537
153,95,3256
183,185,3558
179,38,23506
39,95,7506
115,152,21
188,118,813
241,179,9584
105,172,946
199,104,1201
45,102,2008
170,123,3177
160,116,248
144,145,120
121,155,11
81,74,32665
203,96,2136
46,187,10258
52,77,11550
220,61,3504
91,79,5158
145,182,1347
133,142,5336
184,167,2353
46,138,2529
229,75,15093
170,117,7293
42,208,17379
123,155,2
33,6,16111
126,125,1
93,58,5257
91,151,8726
171,104,4971
159,190,3786
47,128,1168
152,208,6799
63,109,3143
80,132,4028
183,163,1107
100,109,18111
82,210,2349
58,191,7011
175,231,3982
70,193,11706
137,79,1742
164,174,726
60,59,2854
68,46,2613
212,90,3761
31,113,3630
157,151,1278
144,215,5360
142,162,5045
141,181,550
30,103,13016
62,69,8375
182,124,5893
55,154,9148
12,127,5561
69,36,8970
22,153,17238
116,88,1959
58,86,4086
70,186,11324
162,227,3956
96,167,8550
161,132,3625
101,77,7882
47,75,4635
84,157,14402
117,95,8493
116,141,6
115,40,702
86,193,6660
99,7,9456
85,78,2884
209,121,3156
236,167,4532
80,86,1522
126,50,13171
98,149,520
99,148,98
156,157,1511
137,148,2785
166,173,1936
50,165,7033
84,20,7360
118,146,1
154,112,309
181,154,16438
80,71,4079
206,124,4898
77,67,8676
205,61,7329
121,106,1
82,143,721
142,175,1078
201,111,6995
128,136,1
146,209,5271
138,98,618
169,152,525
209,142,3639
109,95,5253
54,81,1340
162,99,1986
56,106,3876
60,131,2775
139,150,511
102,86,2153
166,160,9148
168,173,6680
47,186,2684
121,64,3382
132,135,1
141,140,9965
133,105,20
107,134,69
145,108,2037
163,93,5377
134,111,18
99,83,4156
117,159,131
70,130,8710
112,121,4
94,37,2435
119,125,1
134,102,55
168,203,7698
105,108,121
76,11,7929
112,124,1
73,130,14315
50,88,7252
178,179,2175
167,137,5292
102,205,9459
55,32,13071
81,47,2270
162,65,13896
107,56,2705
194,111,4986
89,161,1601
70,132,2778
92,185,1915
59,177,7036
118,166,395
171,106,7806
175,179,2013
159,91,1396
178,173,8694
102,116,75
110,176,1347
188,129,5235
154,113,125
121,84,3422
97,181,1734
82,20,4842
178,76,14693
136,135,5
171,86,2266
138,135,2
142,122,68
154,34,5115
146,83,450
125,128,1
215,100,3582
109,110,69
55,85,3817
145,96,664
76,129,8691
113,75,1367
52,194,6592
116,64,2300
132,117,1
193,108,10170
147,163,782
120,137,1
93,173,11511
239,181,3707
125,32,5591
123,48,3406
104,152,555
132,171,89
96,36,5925
217,209,16186
151,186,5731
73,192,1138
162,49,13505
99,123,149
112,146,19
119,95,67
146,156,397
72,121,4888
103,215,17863
163,143,13724
236,167,12399
97,60,2623
56,109,13315
121,14,3517
49,89,11145
52,85,18272
204,197,15337
191,122,30688
138,114,57
117,150,1
138,129,1
132,112,2
130,178,6404
183,49,10136
193,67,6684
96,93,1364
137,122,2
212,17,6039
91,158,7186
92,142,624
89,63,4130
126,127,1
171,120,2750
140,180,290
173,98,3220
196,24,6785
49,104,13614
112,58,10086
52,162,8995
90,57,7311
121,25,4882
205,217,5913
36,93,2847
112,138,1
236,143,5468
102,145,2548
131,100,64
54,171,11397
136,99,157
107,152,184
160,31,7806
97,175,4631
35,130,10000
175,104,4641
116,152,1
92,154,9152
85,56,1413
52,165,942
61,71,10217
128,48,9532
131,44,2397
169,223,8983
201,39,8714
149,195,13595
101,69,1736
137,119,2
142,73,11682
101,178,920
191,58,6546
178,208,4764
109,139,10
140,106,236
200,79,7354
108,137,1
232,81,6589
146,147,440
167,57,2361
122,86,3482
173,80,11946
153,124,274
68,118,4460
237,65,5075
59,16,6272
113,163,1788
137,148,122
49,145,13697
109,196,3360
222,70,6919
104,108,339
163,42,14180
41,80,21610
188,206,7424
193,178,7247
93,164,1229
47,155,9218
117,171,310
96,94,813
206,184,5715
157,6,12262
205,137,6865
123,143,1
172,140,461
139,144,651
110,56,4588
112,69,9333
85,92,8995
174,208,5377
158,97,9979
138,156,95
182,242,14384
37,154,19306
72,185,7245
83,106,6696
213,17,12832
158,147,709
122,177,99
214,154,5148
69,119,1198
192,91,1008
165,127,221
114,127,1
113,126,1
170,182,2849
138,137,1
71,133,3289
143,173,4286
123,106,1
90,93,582
86,223,5612
145,67,2896
60,82,2183
158,67,7037
157,195,4125
75,109,4379
144,156,278
52,200,6099
123,97,3
113,156,732
176,207,1264
109,64,9046
136,134,2
140,181,2677
76,101,4093
90,194,6505
143,77,1172
138,72,1532
36,107,9759
164,112,91
112,61,3551
113,86,282
86,78,3241
150,179,819
102,149,1585
127,142,4
100,34,2793
96,198,7241
142,119,27
126,121,1
131,26,8035
79,152,1317
113,160,19
195,105,2547
202,161,7586
123,97,2208
137,217,7782
146,136,1
39,118,4997
160,76,6007
82,186,5004
104,116,1
57,189,5028
87,142,375
133,89,95
66,127,9993
95,67,21443
93,127,994
43,179,6031
121,130,19
134,156,84
235,108,8388
221,193,8624
72,40,1774
152,21,2267
149,107,224
142,183,825
91,117,23
172,44,15199
46,117,4907
155,72,664
119,74,1278
237,154,9112
129,166,1
95,81,2674
99,78,1622
164,107,625
102,172,15949
168,75,5613
156,142,1983
53,197,23888
105,127,1
163,63,3069
76,150,447
88,62,2681
196,146,1340
161,93,292
153,189,4827
18,55,6202
135,47,1402
87,203,1411
198,160,2671
85,139,491
131,145,176
106,203,2415
184,185,4833
91,169,1475
53,128,3687
120,171,69
112,170,105
58,115,1477
101,45,7255
132,110,1
73,133,1050
157,119,1923
164,147,301
122,223,1541
35,93,1651
76,167,1230
79,115,1301
37,139,9987
63,149,1804
163,52,4279
210,173,10813
100,137,26
85,157,1339
137,172,20
153,50,3719
136,131,1
159,221,4753
231,123,22021
79,145,4755
210,155,10002
45,94,7640
111,134,1
162,17,15632
88,179,1730
49,97,7215
78,145,585
120,74,484
129,37,3374
174,77,3069
125,166,1
146,238,4651
129,208,1715
162,165,705
136,176,148
182,122,2255
108,163,271
219,128,3445
195,147,1818
97,90,112
111,93,640
233,171,3408
167,147,1174
225,26,17786
93,110,12
68,219,6522
95,144,105
186,100,1870
188,119,3496
79,143,308
113,139,1
42,185,13613
80,129,3389
157,160,477
24,127,3266
107,115,2
81,157,791
179,122,1959
141,210,3123
80,48,13908
135,160,101
122,102,2
156,133,2586
151,132,9
198,188,10140
122,72,1335
55,138,3203
76,182,558
125,97,5
159,191,5234
21,146,3106
133,135,1
166,167,565
113,158,5
201,168,11365
161,94,10942
104,168,638
110,67,7162
212,91,2762
35,191,6977
114,105,6
49,189,4524
222,135,6964
139,129,1
96,75,2083
93,142,315
155,83,1732
135,111,1
84,171,1994
130,168,1
63,211,3315
175,170,13530
186,92,5397
67,2,5316
146,132,1
83,146,278
87,126,92
212,106,1619
162,103,1304
146,194,951
142,111,7
28,120,1959
118,122,1
90,58,5829
107,149,1
108,166,70
82,35,2486
111,219,14519
129,158,1
162,95,646
241,174,5599
174,233,1427
101,124,18
128,103,1
86,79,1217
72,47,9948
122,34,2111
212,201,2384
115,172,120
137,80,131
169,75,5381
137,205,4890
192,126,1348
99,124,54
139,96,114
38,93,23881
190,113,730
159,95,5852
154,97,97
133,213,3542
172,126,4229
111,179,88
160,163,740
68,175,5074
160,160,1017
42,92,3978
125,170,1
88,164,235
119,170,41
169,79,1564
129,176,75
81,165,12590
138,49,3625
185,137,1253
205,124,2010
67,143,6638
186,108,2131
95,114,1
97,137,951
151,124,35
60,84,3190
131,153,51
37,171,3307
44,116,10341
114,162,1
41,131,7824
183,127,6236
95,107,456
153,26,15460
135,73,8530
66,58,4539
138,47,22254
143,193,1199
126,152,30
171,135,4706
91,168,11664
43,154,2987
149,170,152
58,216,14291
131,167,1
88,182,1228
33,224,3202
27,152,5089
118,183,1237
166,142,3758
117,127,2
193,121,11926
232,141,4937
174,77,2131
121,204,1866
213,116,2446
158,182,1294
93,188,3061
55,88,809
180,102,1386
64,118,527
96,73,1760
150,100,328
113,55,2503
87,94,302
223,189,5122
122,189,6650
151,169,315
86,146,2554
67,142,1545
105,118,1
127,155,7
173,209,2042
145,88,829
4,232,8018
96,181,355
129,138,3
94,54,16082
224,177,5066
78,97,2289
114,111,2
48,165,6030
130,180,63
131,89,6068
104,132,1
149,163,670
218,112,3842
174,60,3943
117,128,3
69,66,7283
137,156,47
135,172,1
121,210,4775
124,120,1
212,54,22091
206,65,5857
150,104,10
161,171,2995
187,90,2440
97,122,55
14,66,13734
121,138,2
186,214,2859
181,24,14006
70,176,9669
215,42,18703
195,184,3065
145,192,2098
49,104,1393
116,163,10
191,173,1362
142,176,11
112,98,9
133,206,5051
192,79,8559
103,67,3439
197,167,2015
118,89,107
178,129,1322
157,77,8901
112,148,2
32,51,20604
113,126,1
129,52,2564
170,121,968
64,100,1301
178,99,329
123,156,1
43,106,744
224,140,4054
51,65,2554
138,166,157
106,210,4028
67,122,3253
60,144,2900
160,201,1890
147,186,1852
130,211,959
45,165,3895
113,164,1
80,83,443
31,161,3014
56,190,5891
133,148,31
134,103,19
135,152,9
102,86,458
221,165,5164
187,123,2198
164,64,718
147,187,111
106,180,707
117,139,6
143,101,212
45,186,2045
93,237,3537
45,83,4223
96,140,307
150,203,1441
116,118,2
193,180,4955
191,142,15042
190,139,19382
146,222,10406
199,147,5270
158,135,502
121,101,1
60,143,2408
122,125,1
1,189,4308
189,108,536
203,138,21028
185,201,12152
182,140,7617
143,161,62
127,194,3496
222,218,8932
104,134,4
218,129,14475
39,224,17424
146,146,134
209,97,5364
76,163,3115
89,33,15763
108,116,1
99,134,2
44,131,7600
159,175,820
107,213,4085
199,160,4028
41,142,2066
166,137,1529
150,95,86
99,108,335
80,161,3241
97,194,1845
142,145,10
196,138,1154
93,188,1212
217,138,2520
10,107,5006
128,115,1
156,100,81
51,67,22257
212,127,3499
14,97,14671
132,210,7107
184,49,2397
98,149,36
175,128,3917
201,116,4259
140,148,675
206,190,2944
87,85,2072
190,182,1734
44,68,7753
105,177,98
157,121,10
30,100,5063
186,64,2807
76,189,5435
92,144,878
198,174,9909
110,68,16655
110,119,4
59,101,8694
204,184,3581
133,200,1947
124,99,1
79,130,236
144,237,5251
119,175,24
199,103,9967
136,154,1
170,162,4516
158,50,3561
135,165,2
184,46,5543
139,94,811
180,182,726
167,64,2164
118,126,1
117,161,18
214,216,12613
205,60,2404
38,187,4997
142,173,1
154,90,3747
177,120,2124
106,138,42
133,227,2271
87,87,1379
148,101,1
47,130,1510
110,123,5
81,152,408
115,122,2
153,181,5432
170,136,1091
23,139,4377
89,95,279
129,181,9
92,133,37
102,187,1276
180,19,7152
149,187,1229
85,94,761
157,75,739
206,138,2620
170,190,1938
143,144,62
132,106,84
169,156,382
189,184,2108
73,83,1041
29,31,4560
156,71,1616
199,117,8265
162,94,1138
135,159,4
142,75,781
188,178,6461
143,154,45
108,165,1713
220,99,4346
86,68,3006
118,127,2
145,179,7032
134,111,1
144,107,521
32,106,1618
117,99,1
132,165,2
219,140,6667
44,237,5495
93,181,6742
132,72,7619
54,161,3485
103,36,2903
114,176,173
35,147,2729
189,43,10396
121,54,9790
135,179,1
84,146,351
53,37,5501
82,68,19620
190,75,1316
70,100,256
92,171,538
115,77,1462
132,95,153
190,26,7194
188,95,1688
170,177,867
187,162,1092
77,203,15918
189,234,5014
113,125,1
135,164,1
200,192,4736
118,157,11
177,187,54837
182,106,469
104,165,1753
53,137,2189
194,25,3882
144,132,2
88,61,5910
100,131,1
110,136,1
53,138,1139
93,62,1628
229,135,23688
150,90,592
166,170,1422
80,100,593
165,100,144
139,163,13
77,129,624
85,107,15
191,113,1706
162,156,4258
30,106,3480
153,237,4139
113,140,1
212,81,3984
108,109,97
62,153,15692
38,39,6351
134,121,4
16,190,7384
202,118,5756
178,137,386
175,109,1167
90,134,23
66,155,3571
138,98,79
150,144,1
111,48,4101
149,178,59
158,153,958
86,129,53
82,148,12725
130,113,1
129,88,289
35,125,4008
125,102,1
43,94,5859
131,150,44
162,160,171
35,70,5651
76,164,5209
112,226,4398
96,190,742
143,217,1154
33,205,6400
141,170,1
113,108,1
47,74,2965
150,140,1
216,107,4637
225,104,6118
179,208,16423
185,148,10872
82,111,6
173,123,913
129,100,1
149,181,97
36,154,4167
106,83,74
57,174,1622
172,127,77
169,172,809
28,211,3456
202,44,5357
91,153,627
129,116,1
144,154,72
140,180,72
50,120,1423
74,130,2136
178,46,10617
206,94,4390
171,78,784
106,42,4868
94,177,2420
226,163,4449
116,8,4383
51,185,1515
199,101,3206
23,113,7469
121,144,19
76,152,476
96,105,76
94,121,22
52,150,1470
180,135,444
153,95,23
134,163,22
237,81,24181
156,133,39
122,73,1356
209,146,9233
182,191,7110
107,134,1
47,213,4456
242,140,17198
130,154,1
95,150,2697
193,130,1811
49,160,9624
76,173,4041
203,123,2328
47,121,5223
89,135,47
138,182,157
98,111,1
90,222,1319
155,161,142
137,168,1
69,128,2504
140,196,559
13,168,5645
145,79,464
96,95,563
128,106,12
114,191,498
85,168,4076
164,55,13723
23,60,2503
73,112,669
137,204,3772
194,23,4541
178,81,1152
141,152,36
96,161,1157
130,97,3
23,216,5644
23,84,3583
172,175,911
119,102,1
102,105,65
71,73,1177
89,73,1507
104,100,149
66,82,1914
153,82,2228
158,118,1
78,182,509
108,149,1
108,122,8
146,136,1
161,212,4857
134,55,1158
103,184,3810
65,173,5782
91,145,76
94,71,589
144,168,1
127,224,3989
165,56,7171
176,113,1018
37,90,4568
162,223,2442
159,52,985
185,169,4766
69,223,3757
148,94,537
77,60,6091
108,160,32
117,176,1678
198,55,2210
193,117,3139
182,206,1243
60,160,1607
150,124,25
121,67,6520
171,74,1279
39,196,10324
193,64,702
164,185,263
80,64,2133
118,100,1
165,63,469
165,130,864
164,165,389
169,122,2872
182,189,2411
185,126,1877
26,203,11409
60,100,4521
130,162,1
101,83,165
101,69,1190
176,103,671
99,48,3970
77,99,1121
187,140,3776
157,13,2693
166,111,5
90,94,2490
114,97,1
83,142,273
102,88,53
130,104,3
83,112,1
100,118,1
152,172,3
199,72,3315
48,114,9085
143,96,30
75,49,1728
204,102,5027
116,110,1
185,169,826
89,231,2054
186,136,3233
114,117,1
192,76,4821
85,142,286
196,44,4883
137,178,3
102,72,188
95,98,115
94,64,6396
142,185,131
134,28,1667
135,153,2
126,134,1
180,84,2200
119,192,185
115,155,1
189,173,2322
24,123,3987
112,116,1
114,145,3
118,157,4
146,163,142
217,85,8531
26,113,1659
101,105,113
42,197,11565
157,150,9
184,113,10572
35,198,3884
69,193,11545
123,177,312
112,67,496
192,66,5244
205,176,5544
103,108,32
115,114,1
187,10,6593
66,39,6752
149,56,2044
165,110,3598
179,241,6188
131,195,705
209,121,6462
106,182,802
146,211,3017
195,82,8665
82,193,583
75,96,336
57,217,1877
150,143,1
81,24,5794
55,198,6087
161,143,483
156,79,9550
232,156,5695
147,133,1
215,204,9249
165,135,63
77,85,341
188,27,7431
116,90,1
133,180,1
168,91,143
136,193,3147
224,188,1508
104,106,32
44,81,1589
137,204,17212
60,115,1854
116,194,586
142,5,4735
142,49,3124
201,174,12190
107,144,39
192,166,763
90,201,6031
102,132,1
48,87,1823
105,103,11
212,91,4113
152,132,2
44,155,9026
122,175,7
47,106,5533
168,116,1027
96,63,1341
126,145,1
139,26,13063
203,234,4194
99,116,1
102,115,1
196,50,3485
157,70,3935
166,210,1515
8,132,2647
128,119,1
132,67,3924
70,160,813
187,154,7892
184,83,490
47,175,7674
144,155,42
126,91,1
49,170,5218
181,168,1336
154,96,1
139,193,148
126,148,2
170,137,12866
103,29,3628
153,129,2
147,211,3667
58,119,6199
99,98,30
116,196,1636
58,95,885
122,20,4214
36,89,9440
78,120,54
84,166,1551
158,133,17
19,3,7391
111,158,3
207,103,3308
74,165,645
70,155,531
163,115,1
135,175,2
159,107,4
108,126,1
150,70,6298
117,101,1
174,88,412
50,53,11268
131,64,679
165,229,9215
88,77,2241
63,99,1247
9,105,5484
104,89,17
11,188,3718
72,115,3138
154,93,9
149,76,478
69,193,2058
169,69,22073
102,127,1
33,131,6287
101,92,47
102,161,14
118,131,16
109,200,5094
52,137,1337
77,49,5717
98,81,162
87,210,3529
89,179,2312
127,9,4591
159,79,534
146,61,1215
33,118,3646
107,164,16
116,66,5343
200,168,2324
150,121,1
163,153,502
160,77,3951
231,148,5547
132,140,1
186,198,3678
204,107,5517
136,104,16
181,146,432
49,197,4332
118,156,2
186,41,5596
176,81,7455
177,76,2393
202,188,5019
11,141,2138
133,80,6246
126,158,1
88,89,1184
73,120,39
100,164,11
130,119,1
81,55,8146
138,151,30
165,157,99
152,117,1
130,107,3
53,132,730
223,100,7935
154,16,1634
39,8,8940
70,56,8387
153,120,1
75,159,1532
135,112,1
198,62,5296
148,210,958
86,93,157
176,158,3742
139,192,172
118,79,2785
84,209,6298
112,37,2494
154,117,1
113,125,1
115,155,1
64,108,279
109,228,6469
93,152,684
172,145,222
85,225,1146
173,143,82
153,20,3894
123,181,441
194,102,255
106,213,1516
69,180,2784
184,197,1056
49,210,7483
156,180,143
113,86,2
140,84,4962
125,112,1
96,131,1
37,237,3114
160,175,105
108,176,51
197,159,8006
106,77,1084
164,156,219
159,74,2213
193,247,3975
90,112,1
95,100,187
43,131,2537
100,50,1450
94,149,425
151,159,74
117,160,16
187,41,863
92,221,2639
136,158,151
173,144,340
116,71,62
107,89,18
105,99,20
129,175,2
131,202,382
70,236,22326
123,86,213
107,73,3951
169,175,328
175,76,8864
98,85,93
148,189,497
164,86,453
160,91,1
200,103,2477
247,98,7367
123,36,4228
57,71,3382
120,203,140
32,209,7991
111,96,1
176,145,7824
123,26,1738
230,72,2442
68,174,4643
190,182,353
102,132,1
200,166,952
62,45,2807
89,123,21
178,67,1076
59,144,516
96,83,112
70,203,2304
151,220,2200
43,78,3926
71,180,4079
69,52,6587
123,182,23
204,140,962
130,158,1
73,114,17
237,83,3651
125,83,57
141,136,4
194,53,7483
37,40,2834
93,106,1
91,189,5556
170,79,6766
146,105,19
163,106,1
151,145,1
121,172,64
72,84,1840
191,221,5300
228,157,1780
50,76,7026
160,214,8339
128,215,6384
151,154,43
11,219,4955
93,139,7
169,117,31
111,145,5
48,69,1208
88,89,134
185,153,3679
156,94,1
205,56,6234
138,113,2
163,85,1
81,130,1
89,95,125
42,115,3666
89,71,10802
44,90,6086
91,100,67
149,159,126
72,124,171
93,84,4755
140,154,1
82,151,243
98,145,18
80,187,2666
61,186,2716
152,64,1148
135,124,1
112,118,1
69,201,2910
35,105,2101
125,150,1
72,106,289
140,101,220
153,96,1
89,81,167
64,141,5335
77,139,5047
202,176,2758
87,120,25
145,222,3850
75,125,1032
144,209,911
178,101,343
145,102,5
83,160,408
179,191,588
65,141,943
131,154,1
137,171,1
186,130,3023
215,219,8594
83,126,2
62,173,853
185,156,5448
96,106,1
185,163,1299
146,132,1
69,116,5663
100,84,1
151,120,1
181,164,6684
81,185,5905
81,224,3394
160,113,1
83,161,2594
97,35,2724
164,144,2
70,179,17810
179,50,2572
101,168,102
171,167,3595
97,8,5717
46,103,8676
7,58,7954
92,206,3108
200,115,1716
123,137,1
147,110,3
114,45,1729
112,180,339
128,153,23
114,185,157
108,130,1
162,103,1
208,79,2141
3,123,4340
138,141,1
192,123,388
100,239,821
61,129,2477
107,213,1129
63,213,5320
89,156,151
128,181,3
95,226,2388
134,142,8
163,75,91
202,147,3599
122,156,1
157,100,5
118,189,516
142,169,1
109,101,2
128,205,763
74,204,2360
44,141,1149
88,194,386
105,141,10
220,119,7144
119,214,4291
65,162,772
129,164,1
154,234,1806
217,102,4290
56,126,127
179,146,505
102,181,499
166,27,2165
125,176,1
183,220,2186
29,91,5289
110,152,1
70,104,328
13,146,4697
175,14,2230
167,198,748
187,157,876
120,91,10
77,114,1
91,57,3318
193,181,4521
195,61,1772
143,209,142
129,196,8728
202,86,2321
101,92,103
214,139,1417
67,128,372
124,116,1
169,99,61
148,180,704
153,74,2035
213,90,2667
70,146,953
151,202,2101
32,81,1331
132,201,556
131,181,1
127,41,790
159,157,43
129,69,4484
174,127,621
54,149,2170
108,147,1
146,111,7
95,180,158
91,132,1
158,161,870
133,138,1
117,86,5
125,32,2135
73,121,60
147,107,57
125,211,1948
128,117,2
98,122,14
136,94,787
91,61,7790
148,141,4
213,58,2554
155,118,2
141,109,1
93,125,4
130,166,1
55,176,2663
192,187,3885
122,244,6899
144,187,141
133,106,2
4,81,3802
137,107,3
188,163,1896
180,189,440
113,173,1
114,200,768
61,73,2532
103,139,36
115,112,2
194,45,1477
96,27,8697
162,58,197
117,47,717
170,22,2575
59,199,2488
97,124,1
179,116,1140
138,180,1
196,125,5116
215,190,1269
86,21,3148
149,77,3732
68,117,210
209,141,2144
118,101,1
89,68,269
79,209,3493
157,16,1817
142,106,30
123,174,183
114,160,1
21,76,2876
105,207,2585
41,95,2792
103,75,131
41,67,11096
89,79,555
138,221,1765
108,65,2257
28,33,8630
189,146,4104
66,235,9497
223,99,9374
65,47,2329
179,134,278
161,104,1
114,113,1
197,85,10399
43,136,1179
190,205,19911
126,63,573
69,211,10613
165,153,459
31,152,3586
87,139,1
225,18,16352
108,106,17
149,124,4
222,108,4640
120,212,1346
113,169,1
160,158,193
158,160,121
120,82,39
85,52,804
87,43,1752
182,163,6305
46,126,1057
139,125,4
133,173,1
133,163,3
171,28,6722
148,111,2
51,117,2295
120,160,5
125,92,1
165,121,1
160,80,1
117,156,1
110,107,1
96,89,626
69,134,1331
144,175,1
154,111,3
132,85,27
61,66,1017
137,90,5444
135,56,11876
135,178,1
171,170,563
97,212,1837
113,107,1
82,134,1
133,139,1
150,139,1
110,61,3836
64,163,8152
124,196,2063
26,95,1294
53,144,6696
7,145,1562
192,174,3842
191,88,1105
201,113,3653
186,88,885
176,173,80
194,194,11031
72,121,65
107,160,1
141,184,1
158,150,5
101,76,1126
177,165,106
75,90,156
121,104,1
154,140,2
132,176,1
68,29,9675
90,85,1828
40,169,1006
97,97,52
34,107,1825
245,164,4446
73,170,488
47,185,2036
215,208,2646
78,107,1
110,197,432
57,75,6110
171,133,89
51,125,1527
116,141,3
185,165,775
120,161,7
227,154,5250
142,152,55
161,214,908
168,105,7
111,155,1
161,146,1
101,203,1221
65,174,841
132,52,3315
53,144,1103
32,18,2824
43,188,5098
135,183,5
207,127,4188
155,156,383
84,156,215
213,88,4664
123,47,1586
198,162,463
8,86,5620
157,197,211
28,176,5473
111,35,2184
145,128,19
151,117,1
145,59,3984
48,150,1082
97,127,1
119,171,1
88,71,11081
189,31,4108
75,189,2621
147,38,15957
122,84,12
137,187,1
192,52,4727
163,207,549
72,141,266
40,59,4545
188,150,958
90,68,1150
186,162,1827
122,140,1
109,87,3
65,82,1354
101,147,1
145,156,11
126,132,1
174,165,219
62,89,15732
125,79,327
173,74,4284
177,123,562
133,163,6
139,164,24
27,82,4061
39,25,7507
42,83,1963
109,191,8830
102,230,2279
54,239,8296
219,144,3689
237,208,8429
184,169,155
17,146,2137
186,167,3692
165,42,12090
216,101,1030
108,181,44
209,236,5011
81,169,1487
121,49,799
172,14,6566
81,157,549
63,166,4378
94,128,1
192,177,3179
143,131,3
77,227,3818
107,217,3185
168,214,1514
21,149,2226
184,178,2822
93,216,2927
158,149,4
94,83,4
104,97,2
154,138,16
151,232,876
77,61,7550
197,109,950
91,185,938
120,146,1
82,40,644
59,195,1368
179,117,4829
183,89,2368
218,191,5216
149,218,9299
213,58,2824
128,197,688
104,64,11580
115,188,8682
78,198,14059
61,124,1633
182,137,833
63,165,5268
160,107,2
173,102,82
53,72,5595
101,209,1966
88,212,2677
104,184,141
30,115,3534
130,219,607
236,110,8350
90,67,6008
79,98,303
171,187,3253
112,81,1
112,86,1
64,97,1001
59,99,103
94,166,198
106,56,1334
195,104,781
123,176,6
65,204,1760
120,185,739
125,78,54
131,143,2
94,178,256
224,206,5747
170,117,15
105,126,1
187,78,9323
142,140,1
71,156,640
209,27,5651
92,165,9
47,67,2212
143,138,1
123,73,5195
27,107,1098
167,182,937
166,145,1
132,65,352
189,50,2321
100,26,13047
136,150,7
195,71,2560
29,42,9603
135,168,1
170,105,132
244,45,5638
112,40,2021
77,217,6649
208,78,2231
65,200,3425
60,69,5982
69,82,13744
123,105,1
152,141,1
117,88,4
67,101,8
180,160,889
232,134,5531
103,192,1306
208,219,3390
39,121,8697
63,79,893
110,166,1
179,47,3825
101,173,135
164,110,1
134,34,2358
200,169,1264
107,59,187
139,37,1234
175,104,219
129,137,1
163,93,1
223,170,5630
154,74,1812
147,160,202
142,107,4
134,94,46
94,90,142
198,130,4013
182,180,1715
160,186,3808
141,30,3532
164,159,108
192,176,3081
123,48,1850
64,60,5285
122,166,1
143,184,64
197,143,560
83,77,2210
145,56,1103
178,200,867
151,218,1075
72,115,61
180,138,83
141,124,62
150,146,6
183,227,6882
151,101,1
194,204,1765
215,121,2025
157,227,5473
150,29,1848
61,128,371
146,221,6131
111,157,2
181,160,3193
133,176,1
165,120,1
10,37,5799
174,81,67
172,64,905
218,110,1590
31,122,835
58,163,1421
57,192,3206
91,141,1
106,207,2201
88,39,1019
217,51,4164
198,155,943
130,190,1
155,127,40
71,62,777
185,182,3863
124,119,1
153,175,1
178,22,6557
144,156,15
141,140,1
62,226,3336
193,89,9474
202,57,714
175,130,43
134,183,1
138,127,1
85,67,443
36,93,2950
105,180,22
201,174,1582
89,162,267
134,82,374
184,93,6004
190,47,4223
192,74,7233
100,60,2751
154,105,4
116,35,823
77,118,1
146,111,7
130,163,1
168,167,98
174,137,1023
160,134,186
156,156,92
125,135,1
98,133,1
64,181,1043
65,189,15453
226,76,4404
44,179,10863
170,205,3077
135,120,1
149,122,1
58,55,963
142,170,1
108,90,1
92,74,4268
101,152,51
171,117,2
159,164,865
61,48,2527
108,95,19
29,218,5122
64,238,3126
61,144,168
226,163,2698
50,40,3460
65,129,236
125,98,1
173,88,266
40,174,1500
15,96,3758
169,119,2
131,173,1
98,158,1
160,162,265
196,26,5751
116,65,82
58,63,10265
141,110,1
228,145,16403
75,50,779
57,146,569
77,145,1158
41,230,6481
128,155,21
197,148,925
223,75,2669
114,79,1
238,33,4985
153,125,34
154,75,1687
140,117,1
188,213,1058
66,126,1283
162,163,27
149,71,43
211,130,1775
177,202,342
114,152,1
198,164,1245
47,106,1311
136,67,235
171,139,525
111,51,730
206,66,470
195,207,11282
180,235,3808
79,202,2528
135,200,30
167,99,22
189,139,209
55,211,1879
142,143,1
98,169,1
79,104,35
90,87,218
108,35,3680
75,168,457
117,141,1
205,137,1790
166,70,220
168,93,1
103,164,11
148,199,1979
178,154,525
105,164,14
72,84,529
114,83,1
84,213,2684
113,57,9837
169,120,1
165,81,3
17,100,2154
162,101,1
131,142,1
135,32,1078
152,102,16
95,123,2
161,120,1
44,109,1399
76,179,3308
169,92,1
60,112,44
111,215,743
89,194,278
121,224,1806
120,71,11
26,175,2665
40,131,917
161,70,107
117,159,2
189,179,1963
111,100,11
28,138,4029
159,91,1
229,144,3489
206,155,3595
65,87,356
144,148,37
203,64,12704
138,8,3820
166,161,53
75,198,692
154,134,71
109,176,1
201,158,378
142,207,637
49,190,3025
58,162,4801
167,98,100
116,136,1
85,88,37
175,102,35
92,51,7872
91,25,3875
107,177,1
132,5,6328
88,54,4687
179,138,194
214,141,1058
146,118,1
145,128,18
202,70,1190
113,169,1
130,116,1
167,91,1
65,24,2575
152,157,124
66,28,3092
19,50,2565
101,120,14
204,81,753
151,58,5550
88,173,1319
104,208,770
216,121,1306
41,77,1003
98,207,3144
12,19,7660
34,135,2937
179,125,554
138,147,1
149,186,203
25,158,3549
156,95,1
226,210,4688
133,206,2869
32,98,643
78,140,6
198,81,5538
140,219,679
124,125,1
76,95,771
80,100,133
158,245,1623
72,23,8461
227,117,2464
102,121,2
114,155,1
67,64,1380
80,97,209
170,137,319
31,184,8350
187,91,232
100,141,4
165,150,10
93,152,24
85,132,1
174,129,217
100,21,3653
208,89,4524
141,130,1
103,190,1021
113,196,250
53,215,1842
203,131,991
204,210,4582
170,99,10
156,144,1
98,10,2555
143,202,756
144,71,506
66,137,472
153,60,915
104,170,14
148,150,88
55,169,4440
112,121,1
154,183,3996
77,223,2841
165,87,32
162,180,38
69,185,2063
241,14,4236
188,41,1850
141,113,1
128,153,17
137,111,2
103,90,20
119,150,1
199,59,4913
162,102,1
134,85,83
56,35,7039
88,111,1
129,83,55
71,72,1039
166,154,59
223,85,3270
99,14,4743
203,161,1065
175,103,165
11,102,1542
47,148,1617
173,120,1
187,171,3598
173,66,4554
104,229,1574
70,62,1416
98,69,121
149,133,1
83,165,754
95,45,1901
91,159,78
85,112,1
34,223,8986
72,91,74
55,211,2740
109,129,1
97,124,2
97,187,159
88,126,1
45,86,4078
75,179,263
123,165,1
182,65,1173
108,125,4
97,218,2692
230,169,1587
100,231,994
139,191,1
232,117,2427
127,173,1
139,47,399
97,73,74
63,84,5571
124,142,1
159,111,4
102,46,4284
111,152,1
187,181,783
86,167,137
74,146,130
182,119,256
123,217,2094
86,215,3947
238,74,3907
66,55,1506
59,113,567
86,59,469
64,220,3339
8,34,17000
87,89,74
11,176,1186
92,109,1
36,118,1295
86,83,6
125,51,668
200,150,3529
119,163,1
108,162,17
21,90,9054
137,58,1180
126,80,41
161,135,62
181,195,2358
31,89,6002
161,224,2316
105,173,1
158,164,1
116,77,1
71,141,1396
72,70,411
176,136,49
139,210,4897
122,78,7
156,108,25
197,155,1767
28,54,5171
134,137,1
158,115,1
79,147,1363
154,182,5541
183,95,306
220,199,5806
170,108,3
216,154,925
200,153,4334
151,83,5
147,101,2
178,177,2305
106,210,5020
59,134,2096
42,210,11102
128,160,1
103,109,11
84,58,6059
183,133,778
69,88,141
155,56,326
189,221,2580
151,216,3941
116,106,10
188,77,5182
187,153,575
136,204,39
92,82,1
174,192,1200
71,71,7880
201,22,6067
197,128,2244
147,153,22
117,205,234
51,109,653
202,131,1710
158,128,61
119,192,128
188,94,376
138,106,78
117,187,177
29,170,8304
119,122,1
201,166,2221
208,165,1327
157,149,2
155,154,63
140,22,3382
143,140,1
184,68,493
137,176,3
111,146,1
191,126,3492
49,62,3734
164,189,759
60,126,664
173,193,973
123,137,1
171,97,3
138,33,464
55,137,884
93,149,52
27,118,5656
53,147,3395
84,123,11
57,118,284
149,19,7360
96,191,658
63,88,49
95,162,1
168,127,2
193,208,5200
35,172,1179
74,37,897
122,113,1
32,114,2968
202,186,1898
31,61,10046
128,127,2
50,195,3478
50,37,5235
67,106,2
64,205,10887
50,124,1733
70,96,1
128,70,150
125,90,7
31,151,5258
125,112,1
54,98,221
134,228,831
57,76,11732
182,69,397
107,187,235
93,141,1
132,85,3594
85,173,574
87,148,1
143,141,1
185,204,571
221,150,11918
76,179,4823
78,81,845
3,128,4860
60,113,123
139,124,5
59,170,6838
51,14,5433
85,78,14
164,57,2134
208,202,5456
112,134,1
96,151,40
180,87,599
206,177,2203
118,39,7659
219,31,6198
96,47,4041
226,114,7078
85,78,89
61,139,3221
64,75,359
200,194,3607
140,130,1
200,180,3603
197,146,2046
186,75,307
215,97,1700
67,117,162
77,94,104
98,43,760
139,49,4863
55,50,5230
185,67,550
83,200,1699
135,115,1
86,31,1987
98,79,1
188,216,1819
110,160,5
73,137,177
187,172,1009
192,196,1310
131,59,128
64,88,357
112,175,1
225,88,5985
157,80,2
200,160,1680
55,55,5292
83,114,2
166,216,2403
45,93,843
64,215,11869
32,215,2281
197,189,5235
109,10,1655
60,132,5814
139,97,130
142,193,21
203,140,1295
127,145,1
67,69,2255
75,90,85
158,171,1
126,162,1
164,154,31
158,193,1577
107,63,305
223,207,2511
107,194,255
38,101,544
137,109,2
135,201,201
27,117,5240
92,45,2847
85,130,1
112,185,137
107,66,104
199,174,3230
206,87,822
83,87,58
82,48,610
99,159,1
158,135,8
90,129,1
205,36,1541
101,28,1423
135,173,1
145,128,18
124,209,307
235,104,9712
51,139,1599
212,36,4541
47,168,1266
137,229,1166
39,134,8067
151,95,1
125,118,1
132,81,203
28,188,5386
182,95,832
64,114,141
130,157,1
128,117,1
129,86,110
221,70,4471
125,124,1
138,87,53
87,146,58
82,157,1020
73,174,9175
67,180,3064
40,202,5631
214,95,2382
119,222,847
178,29,1928
229,156,1814
208,193,1745
57,146,487
175,128,187
159,178,4
68,134,12
14,198,14611
137,126,2
74,39,2843
111,22,6629
216,136,831
80,168,139
64,116,6281
227,201,3571
115,171,13
154,240,1465
145,28,1146
203,110,6701
87,16,1887
84,112,1
44,118,7253
162,138,22
246,202,3474
90,186,258
96,124,1
231,107,3019
150,102,1
202,146,530
29,141,4988
122,142,1
81,129,1
138,163,25
140,109,1
133,68,289
107,125,1
147,202,49
85,229,1798
105,32,5385
35,39,2271
192,103,312
198,89,282
207,49,7250
52,125,329
37,223,5623
87,187,7040
96,173,464
83,117,15
113,91,1
111,152,1
124,45,1694
147,240,6475
54,105,141
141,166,2
26,156,1997
206,127,2756
98,43,798
141,69,629
103,69,118
138,186,1
117,31,6479
156,50,2540
146,209,461
112,138,1
195,98,579
117,239,1295
56,43,2654
116,162,1
89,68,4370
99,185,16
104,89,8
41,52,9397
167,13,1978
196,80,1866
120,109,1
143,175,1
208,42,883
109,7,1980
187,57,2173
51,21,4683
75,139,2
71,29,9640
102,29,1348
126,135,1
83,40,1284
141,98,6
216,103,1572
124,153,1
117,106,1
94,180,684
175,146,1
98,126,12
114,17,2213
194,111,528
135,110,1
102,122,6
157,30,3394
46,175,5526
89,108,1
131,96,1
135,160,1
209,161,631
157,116,1
209,111,7517
209,134,2016
212,177,2562
181,184,646
123,190,26
166,201,624
68,137,2642
126,225,225
97,26,2535
114,102,2
193,119,678
108,11,1491
117,109,1
86,206,5174
198,182,1154
109,150,1
193,99,3818
76,173,180
49,151,716
103,99,1
114,171,4
81,52,1367
113,155,1
95,194,111
118,144,40
92,98,238
113,94,1
122,131,2
15,193,5845
171,49,3466
109,196,388
162,130,35
58,48,2332
73,157,106
63,136,1156
171,101,2
151,62,355
76,87,471
136,79,62
244,56,5539
155,95,1
143,187,1
53,61,1907
59,70,1469
178,104,221
74,199,6190
93,44,3950
173,88,2
69,192,5026
192,163,969
100,131,1
19,99,1504
91,125,9
211,122,834
93,221,3160
219,201,3956
191,166,171
132,7,1702
59,29,6306
128,154,5
38,74,1052
74,98,12
100,134,1
198,161,949
192,176,895
84,72,833
177,208,1330
135,120,6
168,167,2
124,136,1
193,224,4116
156,159,7
173,76,589
107,110,30
106,145,1
111,46,1146
151,147,1
139,177,1
106,51,425
76,89,704
165,131,24
90,61,966
54,152,1137
41,166,936
179,193,1846
158,110,13
112,145,8
120,111,1
166,151,18
47,157,2454
31,171,1150
127,127,1
56,130,1785
35,170,13462
98,48,405
209,20,1791
141,79,86
162,130,39
140,138,4
128,17,672
131,106,10
145,25,1817
175,88,1
80,156,210
11,188,2947
145,182,10
83,110,1
47,125,508
42,121,1135
67,94,1
48,115,2464
180,61,343
38,165,5536
112,112,5
77,191,419
183,61,1604
172,201,1851
85,137,1
119,60,1317
122,99,1
165,183,18
232,129,1213
88,165,3
209,169,1888
200,86,4700
79,102,20
68,175,1746
137,59,539
136,29,4303
179,110,10
176,163,541
192,132,1413
180,220,1656
134,11,2631
60,176,3034
64,133,459
161,200,1544
116,74,1
217,142,13604
73,149,51
72,75,157
212,137,1100
192,72,1581
165,212,5175
134,190,7
29,126,2053
98,9,1682
123,148,1
103,123,1
81,70,2989
115,107,1
131,34,1151
202,1,17114
113,112,4
78,180,947
28,37,2270
212,49,2035
175,214,6369
92,76,8
223,153,9826
153,112,1
94,39,3334
113,84,1
206,123,826
129,181,1
151,168,1
182,154,25
124,77,24
141,188,2
157,130,42
95,43,1329
146,154,133
203,37,3482
119,14,1825
109,26,2196
92,107,6
128,59,1850
178,109,85
115,235,2102
152,61,2668
38,186,9187
88,59,234
182,122,40
129,91,1
121,183,153
204,232,5074
77,49,539
80,107,1
78,68,157
62,132,434
81,114,1
182,115,12
168,106,1
155,76,32
89,59,407
109,187,33
218,210,1789
12,156,3345
114,184,16
81,79,1
148,176,39
191,175,405
41,91,491
127,173,1
155,91,5
206,187,5127
35,146,8443
132,204,93
86,63,343
168,99,5
119,163,1
216,109,2048
131,177,1
206,150,1207
178,66,1300
164,156,50
143,132,1
183,81,519
119,37,1342
82,100,52
186,126,127
109,75,1
172,161,159
47,159,775
40,116,984
210,112,1336
179,169,610
151,169,1
167,145,1
207,48,3842
132,175,1
116,62,72
131,94,2
63,189,771
94,77,4
129,208,1084
181,170,104
118,211,729
202,104,1528
107,47,261
132,194,4
37,174,4690
82,202,314
59,108,291
163,211,1567
189,101,1274
149,197,127
212,145,1812
59,110,762
56,54,1913
223,119,4344
65,89,26
108,92,9
80,62,708
180,79,1334
92,178,48
76,199,1559
184,94,28
187,173,1107
33,56,696
94,128,1
73,85,66
126,176,1
154,75,532
77,53,2261
26,109,7671
182,168,308
125,114,1
144,62,338
194,212,2465
62,98,921
181,229,2701
60,133,176
132,31,2614
60,167,4067
62,43,1590
72,92,1
150,194,21
108,207,3142
36,174,3374
114,149,1
122,196,226
223,165,3156
96,191,43
84,95,136
85,65,278
154,187,35
134,104,4
158,221,672
158,110,5
93,159,12
90,82,1
60,216,3887
184,87,20
150,69,341
178,145,1
81,194,1594
198,66,2591
41,170,557
175,226,748
215,123,646
40,127,663
174,152,21
116,121,1
121,196,48
123,98,1
209,135,4689
150,127,39
179,133,329
189,117,281
62,69,429
96,146,26
113,165,1
121,106,1
178,126,21
57,154,137
66,237,2841
22,102,1431
122,176,44
162,97,8
123,123,1
76,239,2081
155,162,1
121,60,9
40,148,4944
101,45,5300
168,175,3
35,185,960
122,121,1
130,46,416
155,132,3
179,101,36
165,100,13
41,118,861
102,123,1
96,202,517
196,200,3655
130,147,2
116,139,1
112,116,1
236,102,6805
124,245,1011
146,172,2
183,151,6
201,60,6192
99,36,3292
157,97,1
191,142,940
161,75,1
96,131,1
142,194,41
57,70,285
156,203,103
147,124,1
140,118,2
152,217,227
130,205,75
73,115,1
77,121,2
48,96,322
112,206,372
124,111,1
78,92,85
173,169,28
156,197,2761
3,98,1546
127,144,1
112,8,6526
125,158,1
134,126,1
76,97,6
88,117,1
185,215,2703
152,163,2
103,48,1075
40,133,443
129,126,1
72,94,1
174,159,45
137,210,102
123,171,5
134,234,2622
134,123,2
175,128,295
35,242,6085
102,66,41
182,75,218
163,181,1
143,106,16
98,220,1052
88,77,1
188,206,1722
163,173,1
92,209,6573
45,43,1543
139,179,1
86,158,980
160,195,846
47,49,3037
33,100,992
103,185,1
98,113,2
141,195,11
205,214,12270
176,196,816
169,52,339
168,158,112
207,19,1743
141,66,298
42,102,398
73,78,134
100,127,1
27,102,1598
177,179,164
218,145,1057
127,68,135
29,99,762
120,160,12
117,58,82
107,53,498
134,71,496
150,112,1
51,70,5401
124,132,1
67,172,1462
162,166,1
225,104,3423
114,53,723
28,144,2093
67,151,460
29,112,2120
165,166,1
119,191,15
76,183,199
142,184,1
75,199,969
86,31,751
87,126,1
188,164,364
102,195,1148
19,62,9906
116,139,1
195,132,2339
15,157,1621
104,159,1
130,142,1
193,182,674
172,186,284
180,203,2997
124,159,1
34,124,1995
105,185,1
101,51,668
188,161,742
161,23,2896
150,170,9
98,59,376
91,206,321
139,77,168
88,161,44
53,99,1880
229,245,8105
84,87,19
183,141,18
169,109,4
106,174,1
105,142,1
153,65,217
134,198,1
216,23,3291
49,182,1960
89,93,100
219,56,8763
87,177,2392
157,209,2027
34,22,2956
104,181,6
105,53,1988
156,171,1
162,25,1769
222,166,2028
80,95,11
150,117,2
115,190,2912
183,154,7
99,31,679
170,196,99
88,26,5827
191,151,153
193,141,411
124,220,116
130,131,1
136,179,1
143,166,7
94,154,63
137,69,222
166,90,1
26,130,2850
147,189,12
132,94,1
50,63,522
145,77,536
135,190,3
119,165,1
20,140,2347
107,146,1
126,151,1
189,116,15
71,10,1089
213,101,1281
220,126,1788
167,27,1887
121,130,2
83,148,3
75,107,1
180,138,96
27,156,1240
66,120,1
151,32,3251
103,75,4
82,130,1
66,106,1
160,191,185
220,64,3139
89,168,2
176,112,76
107,86,1
145,160,44
36,96,725
203,145,2721
88,134,1
158,65,54
89,48,248
105,169,5
133,49,1275
143,53,319
50,66,1174
186,128,107
145,48,1011
219,105,851
112,80,1
77,92,8
78,67,1200
172,143,1
159,88,1
160,131,11
122,214,160
100,75,1
138,216,79
75,110,1
184,168,808
142,65,379
191,146,23
208,106,4946
135,182,1
182,169,279
91,110,1
65,21,2866
18,81,1080
43,198,7356
125,207,1268
184,181,3708
70,97,1
144,173,2
169,104,1
70,164,974
123,48,902
189,93,263
39,98,254
93,110,1
217,19,3252
95,63,197
163,107,1
180,223,6690
178,95,3
47,50,1031
160,133,46
50,143,540
61,247,4007
65,113,12
124,199,22
97,25,711
171,212,1160
68,88,30
158,166,2
64,112,14
91,44,3720
163,229,4832
142,78,194
190,156,305
82,131,1
54,137,68
42,98,418
165,50,322
97,155,1
144,54,325
121,61,1
87,154,24
171,146,1
113,182,1
146,173,1
150,199,1985
146,202,2
56,184,2741
201,196,580
143,165,3
58,36,1048
54,147,1077
157,118,1
79,46,519
40,89,1257
123,188,1
189,149,17
150,125,8
166,106,1
69,148,26
127,161,1
142,180,2
102,149,1
193,167,4688
37,135,1562
168,86,2
190,86,51
86,138,1
180,43,5311
176,167,204
203,128,1063
180,101,31
225,86,1273
72,86,69
82,180,1214
98,60,103
61,127,91
87,108,2
120,224,297
181,66,1466
88,163,1
16,172,1744
56,106,512
90,113,1
146,180,80
56,74,1255
143,160,154
88,101,4
233,105,1551
109,194,845
82,150,6
174,173,320
45,22,4949
190,59,1165
188,204,1917
135,226,549
209,52,4776
47,117,292
150,143,1
121,77,1
105,129,1
125,80,32
152,197,288
225,216,4903
192,113,45
93,189,202
160,157,44
212,45,3272
64,151,3175
58,157,2428
221,151,894
159,127,4
149,229,3578
123,134,1
162,154,20
125,151,1
175,185,426
72,237,3701
129,30,1177
171,220,1086
157,156,315
92,138,6
133,11,4512
206,143,1315
189,134,243
126,81,92
216,121,3636
80,217,4290
150,141,1
22,201,2311
175,178,2366
190,149,42
138,106,5
195,34,5625
203,164,235
221,174,4151
141,74,695
96,119,1
170,61,1639
111,165,4
91,94,235
15,89,520
57,136,69
56,128,693
102,38,1040
50,141,470
47,116,642
87,134,1
154,179,2
60,159,491
103,145,1
209,120,974
136,123,1
156,53,429
68,120,2
92,32,6211
167,92,1
80,195,469
59,176,557
122,153,1
155,80,1
127,179,2
93,58,103
127,61,8
127,154,4
51,35,2168
116,127,2
105,50,2272
165,89,1
115,66,2
50,73,1162
212,73,3979
142,81,63
156,214,3479
95,35,523
192,154,233
99,160,1
139,110,1
196,220,5207
46,131,427
166,221,2577
166,143,1
131,61,69
54,77,3173
132,87,1
24,110,2371
107,29,1231
129,111,1
181,184,328
128,209,576
87,45,603
111,115,2
135,58,1884
102,58,109
155,169,1
72,78,1434
111,82,1
172,209,5170
58,126,148
153,66,60
246,90,5745
118,130,2
20,51,3763
174,91,1
61,100,5
196,115,810
122,115,1
174,62,1842
157,175,6
191,110,142
84,92,22
130,86,2
204,92,2905
136,152,1
215,201,5684
79,126,2
112,48,499
20,10,4010
90,86,1
121,196,305
78,221,2274
134,143,8
162,94,1
111,128,1
91,233,2577
104,148,1
58,71,88
156,168,1
197,57,3892
109,140,8
53,193,640
57,22,1790
205,49,3088
191,107,294
84,31,972
135,170,1
105,218,681
185,118,1
5,207,1941
50,216,8087
146,202,2
170,124,2
176,152,5
202,113,2723
175,183,86
194,172,2170
133,137,1
138,198,1
101,109,3
58,132,61
94,151,45
152,202,2906
219,132,7119
37,75,1065
187,118,1
96,195,25
89,238,2083
48,95,2017
101,50,695
157,90,2
135,185,7
115,181,1
92,55,205
42,138,2329
86,117,1
59,44,1205
187,139,247
186,87,38
225,32,3897
213,154,3032
131,80,43
37,212,3527
61,87,45
114,121,1
100,234,2218
205,109,3372
31,135,394
164,112,1
112,82,1
20,54,1648
84,35,1694
224,128,6941
139,207,17
64,77,71
69,103,1
105,154,1
53,118,354
98,178,27
40,184,5629
75,93,1
101,50,2553
123,195,123
35,224,6021
196,134,174
125,158,1
97,106,1
154,172,1
130,27,3505
188,146,8
85,108,1
210,183,4140
82,169,68
110,109,1
76,114,1
192,59,586
92,159,3
111,47,2273
142,154,2
228,167,2098
134,153,1
59,87,149
143,166,1
129,43,2007
197,211,1824
182,164,429
153,98,1
182,48,3688
132,133,1
202,124,584
123,139,1
57,159,4400
88,161,15
219,55,3645
23,205,6100
103,217,624
152,140,1
100,58,77
98,173,6
78,158,72
178,41,2142
47,157,1000
129,174,1
97,166,1
101,177,23
159,173,1
42,122,256
35,128,912
28,195,1604
79,181,38
2,154,2201
161,103,1
55,114,456
90,92,219
202,193,1563
161,148,1
87,194,1120
129,223,929
113,199,208
17,152,5710
98,209,2767
158,85,1
136,191,1
163,189,8
35,37,2330
191,93,214
186,221,2201
123,157,1
45,55,7495
31,74,4391
187,118,1
152,144,1
122,190,86
76,176,246
126,214,2635
98,79,1
128,61,635
135,181,1
166,188,256
45,73,905
181,97,1
122,157,1
229,206,3856
30,121,4098
136,52,2657
165,174,1
43,225,2580
197,91,451
237,240,3317
96,70,1
66,185,901
103,130,1
117,183,23
187,137,40
94,119,12
186,5,2539
213,135,1030
107,215,281
138,77,151
65,86,152
46,175,671
86,151,1
155,191,597
155,208,823
203,98,116
165,151,31
92,154,53
196,100,2350
115,159,1
153,37,3940
94,105,1
113,66,39
194,159,1780
32,112,408
151,201,113
208,64,1215
72,91,35
78,85,28
77,172,312
93,126,1
117,42,3836
94,84,1
187,132,102
76,72,10
175,175,70
81,36,3184
162,100,1
38,69,2476
174,135,48
108,35,7331
186,118,1
142,60,739
87,127,1
115,63,1
213,61,8393
90,11,7174
146,78,362
230,162,3791
181,144,2
192,100,311
21,192,8308
124,56,423
212,78,826
167,175,1
183,154,3
63,94,1
155,51,1339
121,175,1
149,213,737
196,134,109
197,161,2082
197,120,67
108,201,482
147,35,2595
166,143,1
137,57,198
75,83,50
139,212,160
177,77,71
107,88,1
26,70,1851
209,176,808
143,111,4
158,150,91
124,81,25
154,133,18
221,111,2172
203,135,1329
71,165,1025
114,119,1
83,145,10
77,114,1
33,75,1661
65,139,5
103,175,2
7,116,640
99,52,166
223,148,874
65,220,8061
104,72,1
19,142,2041
105,58,31
146,197,18
229,97,4589
46,131,235
29,168,3676
124,158,1
122,117,1
121,63,1
67,111,1
241,154,1723
104,186,1
36,165,2676
129,124,1
222,229,3472
79,145,1
159,178,2
35,84,3007
130,208,123
57,102,15
178,155,1
137,107,2
110,103,1
77,171,193
178,158,1
124,82,64
157,33,1850
107,96,2
45,98,940
156,114,1
62,151,98
95,199,3987
108,177,1
204,139,156
173,175,14
88,60,8295
211,141,1356
76,180,901
40,83,3208
92,138,3
122,174,2
202,143,689
186,7,2008
107,76,1
120,168,1
164,102,1
235,93,2883
113,124,1
142,138,1
228,138,4036
78,184,1186
95,139,6
64,71,274
169,102,1
112,141,1
57,120,62
150,236,377
116,126,1
115,63,1
172,168,185
116,120,1
188,80,60
69,97,1
57,39,1329
147,116,1
157,160,6
59,181,14770
208,126,9906
170,159,31
236,200,1506
59,69,898
177,68,62
177,222,601
27,54,3597
210,159,736
163,141,2
119,78,1
136,87,343
52,130,123
53,161,1060
142,69,421
99,151,36
101,20,6276
115,62,1
16,119,3181
115,142,1
164,143,1
128,205,27
71,83,48
211,97,522
62,80,264
2,58,2245
120,74,1
209,116,1067
196,108,90
228,70,2266
27,105,9493
85,202,2509
81,143,1
132,166,1
120,190,13
105,127,1
63,51,519
87,164,1
148,211,844
151,182,17
204,190,2806
135,184,1
45,87,393
128,51,657
81,134,1
152,111,1
151,90,1
164,49,1242
84,47,1966
107,86,1
37,114,309
48,67,1225
177,163,73
43,180,2324
62,144,58
202,70,689
42,96,1899
202,193,2292
133,158,1
156,195,50
85,153,1
143,140,2
91,44,226
144,115,1
127,157,1
108,221,1218
96,21,1943
207,98,2317
154,196,78
182,154,1
67,44,5100
96,136,3
200,62,4999
73,164,2249
153,138,1
195,154,554
48,206,4052
150,23,2916
206,130,683
138,146,1
65,191,591
113,4,2853
90,74,1
99,73,1
80,84,37
123,183,3
15,150,2313
118,158,1
129,155,1
85,42,861
71,140,1
165,166,1
219,155,1242
151,132,2
94,200,139
153,151,10
98,116,1
124,149,1
113,205,72
202,8,3701
93,191,133
140,128,1
114,189,18
179,170,3858
30,146,1554
133,86,1
152,196,60
90,107,1
127,139,4
121,172,1
75,108,1
208,187,2319
52,211,1298
172,15,5956
48,215,2610
52,146,823
159,34,1599
67,186,3749
47,144,1579
127,187,1
58,70,813
162,128,20
53,100,69
122,146,1
166,203,506
189,140,51
95,142,40
199,53,6956
168,39,2169
130,154,1
56,122,36
161,163,8
166,56,746
137,79,313
65,106,1
151,186,1
83,56,1769
127,200,932
192,154,825
220,236,3132
129,137,1
180,69,354
204,81,675
164,164,8
209,166,1219
62,148,14
159,69,1
40,146,1993
176,236,2384
133,78,59
39,102,2274
81,42,938
152,108,1
96,69,1
71,182,626
66,166,1085
90,123,8
80,89,74
181,182,18
200,182,4072
141,87,55
81,99,33
108,54,68
163,181,1
52,232,3759
187,69,512
215,82,1156
51,49,2555
172,233,479
119,51,302
102,74,1
103,143,1
59,157,1342
133,63,310
45,107,277
64,126,1
208,198,3189
124,119,1
62,165,225
93,93,210
156,221,750
117,234,3249
138,99,228
187,156,7
203,150,231
81,150,40
9,84,903
150,140,1
147,73,318
189,205,1797
173,29,6651
58,11,1638
52,101,4364
97,86,1
160,228,793
178,128,1104
92,219,1658
241,40,2227
199,35,3202
80,200,557
140,154,1
76,154,52
37,163,4867
212,161,1636
146,98,1
130,91,1
104,27,1789
25,144,352
159,37,1885
110,111,19
134,117,1
157,162,1
85,165,2
32,107,1283
193,145,130
138,205,1
66,190,4303
195,170,1977
67,51,5504
119,28,2253
89,151,37
130,65,506
171,151,1
227,111,2332
57,76,115
168,84,6
30,124,3008
157,51,124
77,128,1
89,32,8016
149,89,1
76,132,26
37,119,138
176,103,5
81,125,4
117,145,1
156,84,1
139,108,1
16,132,1795
105,89,4
219,206,3897
126,157,1
232,218,1219
144,115,1
114,84,1
191,180,2833
212,43,1937
198,147,178
41,89,845
11,72,5531
39,185,6298
106,84,1
130,146,9
83,137,1
52,124,34
103,10,3491
225,208,1611
174,233,1389
72,156,182
107,200,2292
179,168,742
128,238,5486
35,168,786
172,167,44
190,214,565
182,113,1
189,102,56
188,74,331
154,67,28
64,90,1
81,187,1043
188,209,3604
125,114,1
161,223,197
123,142,1
192,33,3593
152,104,1
183,83,12
167,125,6
45,156,668
100,227,899
113,220,3895
205,149,107
45,134,502
63,33,2615
71,45,245
115,54,1
87,126,1
169,109,47
113,106,1
110,127,1
160,125,1
131,169,1
118,64,1
173,119,1
19,214,8020
190,56,295
160,128,21
127,113,1
136,85,102
138,135,1
27,109,1337
183,88,1
25,153,3536
149,98,1
194,189,1977
128,218,1896
90,210,1337
95,174,2
116,64,1
185,149,1
209,191,3026
136,28,792
161,218,459
196,129,22
46,120,2519
54,178,678
122,55,58
110,47,18
76,26,876
104,69,1
155,27,1297
76,14,2681
52,64,1658
218,170,2059
167,106,1
227,89,1969
233,138,1457
125,98,1
184,84,3
189,216,724
34,156,1246
189,109,79
184,41,1754
58,101,1
229,7,2491
86,78,1
126,102,1
170,196,1268
110,43,93
47,201,1784
82,90,24
202,53,557
204,156,858
33,130,2164
183,164,519
35,91,544
132,25,3190
43,221,5606
202,210,905
103,69,1
112,118,1
52,88,194
88,48,286
53,208,1984
80,76,1
82,161,1
91,135,6
208,108,444
199,210,1428
53,41,1593
119,72,1
198,174,2482
82,199,1553
77,117,6
51,114,37
188,135,24
174,212,5493
92,114,2
44,131,322
141,105,12
131,34,1062
77,148,2
213,143,124
100,24,828
97,217,2968
114,128,1
65,130,4
119,142,2
106,216,2652
228,146,1032
130,95,1
172,105,1
39,50,3854
193,101,28
161,228,1681
81,129,1
159,163,1
191,98,104
133,190,1
76,68,1
131,119,1
70,61,66
59,179,874
159,140,1
212,184,8817
206,171,7182
109,60,114
82,100,10
177,109,23
137,96,105
170,116,1
142,89,450
98,104,2
87,161,1
142,170,1
85,158,5
56,137,2994
90,47,551
66,86,696
47,116,246
42,112,1812
61,97,2
113,121,1
46,170,514
59,63,431
125,132,1
175,179,1
34,208,3037
197,124,1
18,37,4158
20,177,2059
207,116,409
179,86,1
50,62,169
95,45,213
139,163,37
208,139,998
186,170,333
143,157,94
195,210,3812
77,132,22
177,107,985
52,81,41
111,80,2
183,218,751
119,170,1
123,29,987
97,198,53
94,198,1307
166,13,4274
72,170,1702
73,118,1
133,193,2
56,84,43
217,217,1368
131,44,1318
60,99,2
243,25,4594
180,97,1
118,210,4623
163,70,36
37,70,608
10,160,1867
164,206,130
79,20,5375
71,33,2103
85,68,51
143,123,13
175,184,1
163,160,41
100,193,1
174,131,54
152,213,1306
80,214,2766
69,93,1
129,166,1
156,59,18
210,148,848
106,208,451
49,126,88
122,224,1565
172,106,1
85,193,1103
158,105,5
178,140,1
120,149,1
142,156,30
28,136,2013
92,118,1
178,127,90
111,197,303
88,226,627
80,88,56
177,136,12
175,162,83
108,12,1632
122,63,2
14,32,3560
77,201,254
126,147,1
138,110,1
175,238,1286
179,189,270
83,62,268
78,95,1
87,123,11
143,190,4
63,216,1986
33,194,1249
60,208,1375
145,212,232
89,107,1
51,116,29
122,69,1
109,119,1
148,96,22
61,182,1507
126,129,1
62,58,1044
118,134,1
93,41,455
109,43,272
57,76,16
172,82,21
27,153,5921
181,178,29
185,139,14
104,51,5385
211,177,2356
226,3,4709
113,156,1
226,167,663
193,124,10
35,151,1173
139,5,1402
120,123,1
97,155,1
81,186,159
65,196,1466
98,168,1
118,243,1643
118,108,1
147,186,1
41,125,94
161,116,1
197,90,49
186,83,67
74,122,25
129,145,2
111,63,7
70,123,16
171,116,1
157,102,14
141,40,2384
63,66,75
183,177,36
139,209,3195
163,184,1
156,44,594
194,48,4236
138,51,981
132,101,2
94,100,35
173,135,14
170,236,5226
163,41,1783
199,95,125
17,34,2676
114,223,1797
57,89,1
45,145,1693
150,148,4
120,101,1
181,183,1
148,137,1
21,137,6132
180,99,1
39,145,904
55,224,4577
85,75,3
142,183,1
221,208,1285
159,91,1
151,166,1
148,23,3270
61,50,177
92,110,1
155,163,1
153,165,2
103,93,2
15,64,4666
86,99,32
141,16,3463
155,167,1
83,121,50
105,121,1
136,175,1
151,102,1
87,187,43
168,131,60
180,209,3452
35,88,2835
189,39,5290
156,223,612
71,180,157
89,28,2964
91,188,124
94,15,1526
116,115,1
79,153,66
87,79,1
151,125,72
54,63,1246
62,76,168
72,115,1
42,72,410
16,97,2056
77,100,41
133,168,1
226,128,357
62,225,2779
117,144,1
170,172,5
136,98,57
220,66,7279
94,78,11
217,118,1126
192,43,1141
189,65,4793
81,201,1928
160,139,1
118,131,3
115,111,1
94,116,1
130,79,264
168,68,38
144,172,1
224,70,2894
105,94,1
95,65,1
229,68,3060
183,198,863
69,142,26
110,9,1099
131,147,14
158,185,8
214,142,4703
192,113,88
204,56,3142
135,20,1139
99,47,816
141,209,1
149,87,101
179,66,199
53,149,988
144,93,49
75,225,4157
169,165,1
202,158,523
204,96,271
182,222,6316
15,42,8251
181,134,40
22,64,570
75,130,1
67,53,434
154,63,3
61,187,727
183,145,1
201,147,148
59,69,101
163,141,1
148,56,19
177,86,1
195,91,506
196,109,308
82,166,43
178,116,1
51,166,576
64,144,55
54,69,174
149,154,36
176,45,1337
73,107,1
182,123,6
100,163,1
182,164,37
131,153,1
74,185,56
150,55,106
178,207,532
67,133,1
57,140,2
154,205,17
230,120,1463
200,84,370
117,67,1
43,78,129
26,83,6756
163,127,10
164,167,1
215,186,2588
22,134,2656
153,201,124
137,43,619
194,153,1
139,106,57
96,241,1962
61,72,148
146,154,64
82,234,2434
164,104,1
194,201,714
60,190,9731
222,145,1525
125,235,1492
149,104,1
98,87,2
86,217,326
155,211,926
177,186,4
203,164,2664
140,115,1
218,216,1667
153,155,6
241,125,1168
123,55,468
61,102,1
91,127,1
96,70,2
191,107,49
125,112,1
156,69,4
111,198,131
80,179,1
234,178,8123
159,71,5
41,77,3159
130,37,2440
186,167,275
124,34,424
129,49,165
81,116,6
138,179,1
149,127,6
165,76,1
130,24,2778
221,137,3139
128,38,150
133,131,1
211,71,234
144,94,74
185,128,19
218,118,469
108,135,1
206,135,600
113,205,399
194,76,769
59,147,85
56,118,1
97,223,3130
45,69,867
192,147,2
199,192,2251
161,107,1
109,175,1
134,181,1
67,207,1054
98,74,2
173,133,38
100,95,4
40,136,448
124,69,1
170,152,1
39,50,4104
82,122,13
216,227,2336
90,165,1
168,164,5
214,155,3323
177,49,487
116,25,842
110,70,17
83,124,2
140,25,431
35,110,1809
106,115,1
57,128,59
180,32,2216
180,68,971
76,59,1659
40,140,1353
81,175,31
116,203,979
66,160,819
48,56,6394
61,47,977
227,147,1194
144,19,3161
184,123,2
3,73,857
149,38,7969
120,84,1
49,84,41
145,171,1
79,181,1
116,240,1265
127,130,1
170,170,5
59,116,1
119,71,1
116,94,1
49,58,2533
83,39,539
135,160,1
137,121,2
84,205,1737
183,165,35
103,38,3982
73,149,11
125,202,9
112,45,11
122,77,16
234,134,1194
90,17,3927
100,86,4
236,107,938
107,68,61
125,79,11
111,181,1
145,123,2
221,156,952
76,134,3
227,210,5029
221,70,1917
202,64,4458
115,152,1
176,94,1
71,124,5
48,154,2071
63,45,7199
65,101,1
185,117,1
53,23,2960
125,121,1
185,141,68
133,25,2109
104,11,1990
77,177,5
131,95,1
135,194,1
148,205,1
232,45,4657
217,176,4280
77,138,2
159,81,1
39,123,294
178,213,1881
24,117,478
114,219,1048
106,88,3
44,157,921
138,116,1
220,137,1408
178,143,1
188,188,1034
136,157,4
161,88,1
61,223,5663
17,199,4163
202,230,3251
212,13,3029
156,35,775
185,70,271
156,94,1
164,230,2167
11,119,4372
130,72,1
167,173,2
142,115,1
116,68,5
184,89,1
52,174,237
82,116,1
247,65,6147
165,114,4
101,164,1
132,183,1
88,154,2
182,51,2647
110,118,1
171,91,1
41,153,770
184,206,1945
39,31,4031
198,72,4429
202,149,2352
77,241,3851
125,106,1
66,60,136
49,138,18
74,112,1
175,72,9
57,76,656
41,113,5781
88,123,1
165,30,8514
64,212,2908
174,177,2
111,79,1
153,192,1
184,109,39
108,76,1
96,173,3
182,222,914
166,119,1
139,112,1
173,49,1612
125,118,1
141,62,164
22,90,1214
138,170,1
155,168,1
110,121,1
75,54,3200
64,190,1868
229,33,4096
147,87,51
163,211,484
68,204,894
99,190,1
94,48,2628
228,194,2450
88,113,1
107,182,1
192,74,283
66,212,1775
226,129,451
59,175,2704
127,110,1
51,110,50
49,65,457
165,180,1
137,237,738
174,197,107
52,157,212
123,51,12
134,76,46
192,112,33
122,159,1
101,43,208
207,119,153
212,153,2439
140,91,55
198,69,267
186,146,15
109,47,6
148,203,1
178,82,1
209,72,550
129,123,1
179,179,1
162,180,1
129,43,223
125,171,1
87,110,1
93,202,892
184,128,81
116,39,266
172,115,1
52,154,215
174,108,6
186,61,2868
141,172,1
141,39,1735
73,125,6
139,30,381
63,98,1
91,77,1
103,140,1
204,206,1373
61,52,160
55,122,26
132,179,1
212,38,3104
63,152,11
181,104,89
101,151,33
90,188,15
182,62,168
196,120,1
139,114,1
174,99,44
55,54,415
142,89,47
137,165,7
99,188,7
127,9,4135
93,221,1303
74,104,4
88,108,1
56,137,7
147,101,1
161,158,12
147,148,13
79,191,947
84,185,1
75,110,1
122,73,1
65,192,2595
78,26,975
130,111,1
90,137,1
203,157,2018
145,35,456
224,202,292
139,74,493
70,139,1
88,202,188
40,140,186
50,50,3556
46,162,1000
111,117,1
12,213,3804
209,31,1594
187,162,208
109,55,12
95,44,182
164,115,1
159,192,39
56,114,37
92,165,1
141,164,2
193,131,416
83,117,8
201,134,130
48,88,316
208,73,1033
164,99,36
193,173,307
128,79,39
109,136,1
28,126,658
60,144,15
230,233,1420
129,55,682
201,74,100
72,89,8
203,200,2731
187,149,1
141,177,2
112,137,1
213,179,1770
206,79,2742
56,49,4599
86,33,999
163,49,261
140,175,1
164,126,3
77,137,6
216,72,1255
174,40,605
163,96,1
175,116,1
216,179,702
104,170,21
101,96,1
87,216,2001
145,109,20
151,21,1061
166,210,325
194,176,272
99,165,1
134,183,1
172,221,6222
94,215,219
228,192,1221
123,75,6
145,210,15
8,88,2138
213,48,2651
94,158,1
213,29,10795
70,147,1
85,39,1029
84,65,229
149,177,2
73,33,639
175,61,2606
148,220,1022
141,154,165
72,164,317
183,171,249
105,156,1
216,118,71
108,119,1
98,163,1
160,131,51
108,89,1
40,119,1165
71,35,738
18,77,1004
164,64,7
114,167,1
137,133,1
119,234,1883
238,52,5162
56,17,7272
202,129,19
114,50,1
81,19,5784
73,70,1
98,112,4
80,51,897
101,126,1
135,41,548
185,76,252
175,125,2
68,116,3
234,147,1295
58,101,1
118,41,516
146,59,2
211,157,826
135,5,1423
70,105,1
143,180,1
93,174,1
102,74,1
93,137,1
171,166,1
98,196,1169
128,110,1
76,212,1067
26,110,260
44,31,3914
195,75,163
83,43,3557
150,220,269
73,171,220
117,46,322
202,212,692
184,142,1
199,128,9
125,237,745
93,61,1
172,154,8
139,191,1
121,161,1
185,166,241
85,70,29
133,111,1
70,86,117
61,159,181
28,75,436
72,69,1
176,190,31
111,147,1
135,223,71
107,208,1393
88,38,578
95,174,2
26,163,2668
95,159,1
209,57,2258
190,60,506
121,136,1
70,176,145
204,88,244
207,135,121
73,229,1226
102,61,11
93,135,1
178,203,153
127,110,1
56,191,473
109,228,1837
64,196,1179
179,201,1431
193,80,83
114,58,1
217,70,1222
85,126,1
51,68,1813
68,89,5
180,160,3
130,124,2
41,120,299
127,116,1
115,81,1
162,152,70
196,123,1
107,91,13
138,212,1
139,144,1
208,28,1909
123,213,718
121,144,2
171,191,36
213,133,228
218,50,1730
158,117,1
91,153,13
85,182,1
144,187,1
103,202,1
115,112,1
147,35,1096
38,101,232
88,48,3437
90,49,406
152,91,1
151,205,1
123,78,1
10,89,1054
25,166,899
93,145,122
76,163,6
184,28,3581
113,196,284
146,167,14
125,161,1
188,53,1356
248,105,2157
108,115,1
91,70,1
78,109,1
109,66,4
118,161,2
186,158,22
160,160,1
35,164,1172
38,66,1470
205,114,3526
80,192,25
132,185,3
111,128,1
117,105,1
57,41,1251
111,160,22
60,109,2
56,123,2
218,166,5771
137,213,2
110,121,2
141,210,1
119,79,1
55,157,311
183,36,700
114,115,1
83,143,1
142,206,2
147,41,219
201,93,45
92,194,59
44,51,1475
86,104,1
130,94,1
124,27,668
102,169,9
70,184,332
81,67,11
69,159,495
212,157,866
80,52,1512
71,213,1044
80,32,2398
83,178,2
97,158,1
135,221,176
92,201,40
144,179,4
172,72,7
187,137,105
142,220,149
107,46,1
240,153,3094
137,73,48
196,66,284
203,116,2
53,76,224
214,219,2378
174,58,1990
91,115,1
171,142,1
148,72,147
45,197,3067
61,74,93
140,96,43
153,39,714
191,103,79
214,55,2540
30,15,2188
195,158,57
94,147,40
134,165,1
31,137,1026
133,227,561
61,233,8176
122,37,611
180,16,2408
56,78,38
166,214,204
137,99,20
184,203,817
201,60,668
18,57,6197
118,159,3
192,179,306
54,31,2290
183,114,2
121,104,1
110,185,9
144,216,222
101,9,1099
147,61,1
198,107,293
102,174,1
134,157,1
29,56,1523
120,144,2
213,113,3437
124,141,1
149,66,2
169,137,1
29,43,450
50,149,739
187,65,849
104,102,20
80,158,28
82,44,1256
32,130,926
151,141,1
67,171,153
86,154,1
104,180,14
144,168,1
73,220,677
68,93,1
162,150,2
108,154,1
173,179,1
189,98,8
165,34,621
147,109,5
22,97,3466
87,108,1
83,223,999
189,119,1
86,195,166
130,178,1
134,65,195
36,141,3772
120,26,185
162,89,1
81,60,43
45,153,327
155,153,3
242,142,3786
101,117,1
130,236,132
90,154,39
46,226,6652
180,131,288
29,190,1986
80,55,52
222,85,1924
112,127,1
131,64,7
57,192,2135
170,157,31
52,135,61
231,192,933
73,28,3796
94,80,1
214,189,953
90,190,18
174,215,1160
139,171,1
141,111,1
130,124,1
96,189,36
118,78,1
227,133,330
65,199,227
30,66,1638
152,188,1
209,81,2680
229,128,2162
214,165,293
12,210,8230
163,177,1
144,114,1
122,118,1
56,196,1844
138,210,1
121,124,1
31,199,2305
159,127,2
109,64,2
131,218,42
154,124,47
178,144,1
94,160,1
104,93,1
97,82,1
192,245,2411
196,80,1
162,220,1857
90,101,7
135,147,2
60,103,1
66,78,19
126,162,1
196,129,8
173,215,847
158,95,2
161,48,1949
149,160,49
120,56,17
144,172,1
145,131,1
82,191,1
24,109,1762
140,172,1
45,195,2903
116,120,1
70,160,44
54,194,267
91,197,128
82,114,1
117,103,1
160,207,144
165,79,1
124,71,1
209,104,399
124,102,1
99,89,1
152,29,1595
166,178,1
40,25,1292
121,65,1
179,131,44
80,206,99
171,202,121
145,83,258
83,142,1
107,204,3
59,184,527
50,133,33
63,68,97
174,200,221
161,30,1310
96,85,2
105,138,5
227,130,1733
50,77,319
188,160,43
197,153,17
98,141,29
118,67,1
152,215,278
220,71,982
125,50,580
229,82,2176
60,162,821
157,102,19
45,103,188
101,131,1
203,227,1153
151,28,1547
118,30,2199
155,56,21
178,189,1
41,111,846
72,150,4
35,175,345
76,128,1
134,58,1882
103,37,755
81,231,796
173,54,134
159,189,103
131,174,1
101,162,1
39,131,1484
118,145,13
99,111,47
165,146,1
93,83,1
184,34,7334
203,126,97
36,130,2778
95,63,1
202,176,602
76,225,246
57,193,3230
112,103,1
163,80,1
142,67,115
139,134,1
100,215,197
151,35,1902
188,186,3
214,150,286
220,129,344
146,118,1
216,249,1103
115,172,1
174,108,72
165,38,433
104,71,1
238,143,577
135,88,12
201,87,71
105,38,412
74,240,4390
50,158,252
130,114,1
195,138,49
215,183,4422
151,50,60
27,147,4251
56,63,430
57,64,1011
175,203,384
232,139,1767
53,151,1528
121,202,206
163,179,1
115,127,1
132,126,1
115,194,20
43,39,2677
84,71,7
100,114,1
188,97,2
47,60,730
94,55,19
50,120,139
64,152,1
36,138,1811
64,184,284
101,54,2032
104,37,54
22,174,3862
26,114,423
50,115,112
66,90,1
36,71,354
181,134,11
194,131,110
39,158,408
138,47,2013
19,98,2517
10,141,1529
199,202,6964
106,159,1
128,242,1815
50,81,52
85,116,3
137,23,793
142,112,1
97,18,1893
148,242,407
121,172,1
57,158,2055
192,60,110
96,173,2
101,25,1321
183,151,1
56,82,2
74,123,25
185,164,90
137,35,3402
190,201,1025
118,157,1
134,196,1
103,44,8
180,198,29
201,49,7708
33,146,422
16,198,6421
147,27,2892
214,161,4010
45,88,754
208,164,687
162,121,1
164,43,2635
71,183,57
199,80,46
161,73,1
179,36,1315
98,32,1037
78,132,1
76,150,2
135,204,54
63,86,2
142,33,1146
198,181,843
171,79,1
211,119,2359
73,74,4
191,97,558
92,174,1
126,61,1
139,187,1
113,106,1
106,199,25
153,133,8
139,117,1
66,151,1
121,63,1
142,237,2197
58,54,972
79,88,17
55,212,681
150,191,1
216,153,273
182,190,157
102,150,5
193,120,1
62,80,1
97,110,1
166,194,117
102,214,279
71,58,21
112,209,84
188,117,1
220,122,287
169,221,227
79,68,2
102,188,1
101,143,11
162,68,1
94,49,192
173,28,4553
138,222,271
77,191,17
64,61,417
126,89,4
150,109,1
91,205,1293
204,167,179
199,112,1
29,63,434
109,80,1
208,183,6630
60,108,1
150,177,2
137,114,1
63,28,2613
171,170,2
134,59,9
194,183,63
46,20,3025
62,182,269
108,104,9
193,31,1823
129,149,1
106,52,5
83,25,1715
88,53,92
114,116,1
154,168,1
90,30,1805
46,128,428
188,151,1
48,109,23
100,207,95
87,124,2
128,223,1279
114,62,1
94,173,1
109,189,1
143,198,1
155,47,220
148,169,1
99,102,14
84,203,92
41,155,721
159,150,1
169,11,1150
236,86,987
152,158,19
157,223,101
125,50,6
144,181,17
117,106,1
4,110,2927
125,73,5
72,216,1206
77,64,52
120,127,1
142,143,10
84,107,1
166,180,1
123,185,16
155,210,1
121,143,1
151,121,1
15,61,1701
54,127,52
117,236,161
161,88,1
21,159,4031
202,119,3
53,154,59
187,140,3
23,193,3019
191,227,1347
80,205,508
88,83,1
32,102,998
145,129,2
33,142,365
114,57,4
138,228,438
188,52,860
70,56,15
155,35,2762
78,83,4
178,154,1
213,139,722
191,79,1
79,185,38
115,80,1
158,112,1
194,55,1067
59,41,3359
96,225,1275
104,148,1
166,127,1
112,146,2
220,169,2213
116,28,501
22,185,4774
190,77,62
191,155,1
159,33,1389
158,234,2374
196,114,1
33,213,2116
99,164,1
74,185,345
105,66,1
142,73,201
40,116,2215
124,155,1
53,110,1
159,113,1
116,214,227
223,186,8996
62,36,713
26,106,350
214,77,1981
102,105,21
187,233,2660
82,5,1037
162,99,1
86,131,2
189,149,1
130,81,47
229,203,576
218,183,969
165,177,1
53,110,1
70,194,507
196,173,502
178,132,116
126,218,87
18,56,1266
188,152,1
147,144,1
108,58,9
78,138,1
82,34,710
226,101,1662
131,88,1
112,25,701
65,105,1
73,195,46
60,87,1
57,133,68
161,47,99
27,156,2591
193,9,1866
121,56,8
61,56,597
131,79,25
68,28,797
143,53,244
19,184,4979
103,90,5
14,154,4290
54,89,1
136,202,9
150,104,1
168,47,525
110,32,211
128,137,1
128,180,4
173,98,2
191,116,2
62,163,849
126,172,1
167,101,1
167,67,3
116,124,1
199,175,333
113,119,1
201,84,702
172,43,246
37,215,8852
226,223,2587
146,23,1211
126,51,8
160,217,147
96,51,421
106,111,6
209,138,2879
49,218,1858
24,63,957
88,9,746
108,195,18
153,207,1
90,71,5
30,151,7733
164,49,2714
56,70,74
59,74,48
80,35,618
98,149,10
184,163,34
61,216,989
103,104,93
101,64,2
135,121,2
185,231,2528
33,84,154
182,112,1
90,105,1
62,128,1
135,145,25
146,185,1
84,89,62
162,89,1
32,109,592
184,140,1
133,36,2441
13,132,614
234,86,508
46,84,75
201,222,1048
164,37,858
48,183,1584
104,181,1
144,61,171
192,119,1
219,32,2172
231,154,1426
128,44,4019
97,198,80
121,137,1
151,176,1
72,58,4
97,110,1
156,78,2
136,61,146
29,27,1254
106,115,1
50,129,19
117,174,32
173,87,1
145,65,4
59,94,1
145,134,1
63,149,1
180,110,12
107,77,1
34,99,221
187,119,1
61,80,1
142,31,1193
92,54,48
195,66,623
55,143,1
86,211,1382
37,169,2262
149,163,34
46,107,140
241,168,1246
83,89,84
127,102,1
65,156,33
141,150,3
63,188,2158
163,41,363
105,203,1
56,147,2
46,140,3
128,197,1
182,183,1
64,96,2
205,72,987
214,162,716
137,80,164
170,88,1
62,56,302
222,162,2726
168,151,1
165,105,1
100,104,28
140,161,12
200,99,182
79,193,3
60,68,120
126,188,1
100,23,4689
50,153,228
124,190,2
83,112,1
146,68,5
103,222,281
163,113,1
212,122,77
103,189,1
72,131,1
67,130,1
185,130,274
129,167,1
47,70,358
36,75,416
127,32,522
103,66,1
148,127,2
199,200,1693
181,159,1
215,115,805
135,65,80
173,187,12
29,206,6612
201,116,1
71,124,4
33,83,1548
199,154,472
236,26,2664
60,109,1
172,147,1
150,138,1
140,8,1419
176,67,404
90,147,26
100,131,2
36,180,2959
159,31,2255
123,169,1
147,189,3
69,218,572
231,128,748
203,97,480
122,180,31
197,68,102
128,154,2
62,50,449
181,102,114
54,104,1
115,196,29
90,203,99
87,163,1
87,38,628
210,166,179
93,106,2
123,240,377
35,143,848
144,73,55
131,201,21
98,94,19
73,128,4
201,111,14
138,73,125
121,56,19
45,88,1272
168,68,2
84,180,1
72,109,1
238,30,1638
71,186,155
103,118,1
189,206,1003
180,141,1
137,145,1
77,207,796
89,85,1
96,167,1
223,34,1562
52,93,1
180,223,1515
159,86,1
97,153,1
149,110,1
118,109,1
59,140,1
113,230,814
171,214,299
204,145,32
101,121,5
98,79,1
206,239,1222
59,161,2654
161,128,112
143,191,68
84,174,44
169,75,1
134,196,1
146,64,1
103,130,1
73,213,1502
108,239,456
76,19,4858
126,196,1
42,117,213
116,14,1373
216,189,866
110,162,18
145,212,8
44,136,30
215,126,4807
164,142,1
164,90,1
194,154,1
155,33,2353
84,95,34
44,81,24
155,200,51
190,133,147
66,116,5
50,66,449
197,118,1
166,90,1
155,134,13
84,132,1
158,94,1
45,128,80
53,63,65
47,101,23
126,201,1
33,106,252
113,210,345
86,76,1
79,25,1331
213,53,366
104,137,10
83,162,1
76,88,26
158,79,1
135,128,3
151,176,1
180,105,15
143,67,903
119,143,5
16,134,875
180,162,42
123,191,1
165,175,1
210,159,225
165,166,1
0,124,3094
33,96,5165
189,151,1
114,143,2
159,141,1
162,185,1
92,153,19
113,39,5
179,46,340
150,97,1
187,30,4747
123,148,1
32,141,2080
167,174,1
146,94,26
129,142,2
150,202,1
66,191,107
136,221,31
75,107,1
240,178,2816
145,215,12
149,134,1
210,55,695
43,152,450
165,193,71
177,163,10
144,69,7
46,188,405
114,139,1
157,200,73
103,138,1
65,80,13
183,229,643
145,29,777
57,36,646
65,196,5207
102,26,1675
126,157,1
141,187,1
3,107,3822
170,89,5
138,116,1
180,224,349
104,215,502
104,67,2
39,76,115
47,85,25
138,213,1
35,183,5158
81,67,88
47,162,1108
232,181,1983
162,177,1
24,235,6469
68,161,433
195,60,409
162,22,3097
193,130,6
94,115,1
165,117,1
13,127,1348
147,217,51
88,168,1
46,109,256
106,183,1
116,97,2
248,55,1353
81,96,3
68,78,32
212,33,3491
192,153,1
168,154,1
109,177,1
92,55,17
83,173,54
202,147,46
33,138,131
191,106,44
228,165,790
37,118,1476
116,84,8
119,226,4026
59,161,24
122,133,1
51,179,4906
207,173,1424
149,121,1
126,166,1
186,168,35
151,183,1
164,147,1
92,125,2
64,175,1832
145,126,2
53,133,11
141,187,1
131,123,1
24,104,211
144,230,1071
84,132,1
131,186,1
139,75,101
66,166,354
59,78,1
131,139,1
164,182,1
174,59,30
237,140,546
48,131,63
163,171,1
56,164,197
156,219,737
146,67,2
79,195,7
82,51,25
38,146,1098
195,127,1
131,156,1
64,133,1
98,80,1
152,95,1
102,159,1
235,100,1199
181,170,56
28,143,1875
80,214,110
152,222,108
54,148,8
184,116,1
138,168,3
105,46,2
145,34,1217
29,192,2014
95,93,25
127,199,1
204,27,3443
162,180,1
156,156,31
90,55,1
105,78,3
181,47,515
199,162,12
133,57,200
190,170,56
16,128,870
136,41,329
73,70,1
66,159,4
179,164,14
111,83,1
144,171,1
49,75,115
111,127,1
24,190,2866
133,68,1
59,42,771
123,78,1
134,112,1
168,70,1
108,194,7
130,129,1
206,114,1
198,85,5
45,49,429
200,196,216
117,129,4
213,68,330
146,186,1
56,43,1324
152,130,1
99,42,3774
211,44,616
156,140,1
42,170,501
126,149,1
167,62,5
66,218,1857
86,107,1
156,48,893
93,55,14
34,238,1680
78,111,2
128,188,1
186,167,151
78,69,15
179,143,3
79,100,6
215,47,3220
91,116,1
89,37,1189
183,179,1
72,171,199
20,110,948
101,98,1
72,47,279
170,231,862
103,63,1
14,48,1022
86,131,1
110,178,1
22,117,1174
82,98,8
85,116,1
82,161,1
170,90,1
116,165,6
130,205,1
190,200,594
98,180,46
62,108,1
157,184,38
80,24,546
65,179,45
209,141,642
222,222,2091
221,28,1479
91,73,1
112,93,1
126,125,1
143,7,1047
62,51,5894
66,190,205
98,195,1
130,78,19
144,171,1
159,249,432
66,70,1
69,102,1
171,107,1
175,191,1
76,176,35
63,100,1
28,32,3006
29,187,2487
89,55,1
113,217,641
89,67,50
60,153,1
104,34,1254
71,203,61
50,184,1484
157,170,1
88,180,1
248,209,2972
133,202,2
98,49,370
189,151,1
179,161,2
173,215,434
96,137,1
175,72,5
150,195,1
115,47,1
89,52,594
173,73,4
133,214,1
100,46,306
143,183,1
73,122,1
23,87,3129
183,179,1
136,103,64
194,206,786
179,86,1
164,108,1
29,56,552
182,126,60
165,79,1
171,201,154
124,196,1
72,204,697
206,122,289
185,115,1
181,166,50
104,148,1
119,92,2
169,104,1
91,62,1
86,69,17
128,181,1
59,162,280
