inicial_x,inicial_y,passos
25,96,4296
158,99,3574
198,72,10500
75,99,946
130,188,8148
138,170,18633
230,77,9518
175,45,19635
140,78,4313
124,219,17623
81,137,15908
184,71,26272
215,183,19830
94,77,3857
179,94,1667
206,133,16042
157,141,514
139,132,420
179,144,13348
163,33,5013
101,189,14234
90,103,4786
234,213,12461
197,122,6408
118,182,1715
64,111,3858
57,128,5527
166,138,7829
141,135,2211
92,196,3364
111,113,244
109,23,14575
130,112,317
85,71,5271
128,84,33374
41,73,12362
185,204,9997
154,130,2941
100,84,8854
132,39,3069
136,138,623
158,39,11996
69,97,1956
191,140,4142
184,163,2438
111,80,3047
198,104,5901
99,188,18878
187,70,14236
83,127,2864
176,117,6467
134,74,2652
139,115,2344
106,94,19326
103,126,3564
108,101,10795
189,94,21498
46,234,11818
153,115,107
186,143,12518
99,58,9535
63,98,4231
122,199,28903
60,161,6478
133,96,10881
64,140,39936
115,110,41
162,102,199
218,189,27275
26,13,7070
128,121,1
149,79,6543
115,75,8454
39,157,17090
139,73,4328
169,95,1949
111,129,568
109,106,7256
161,123,804
106,122,770
119,241,12599
140,61,15796
93,137,574
221,51,5413
122,14,16585
93,96,7671
121,135,146
3,108,5267
190,67,23230
103,24,3270
175,69,1336
45,162,10044
160,158,597
150,76,6661
85,210,3238
190,67,2695
84,191,1025
82,150,2691
75,77,2694
27,128,21303
110,122,5
179,66,3117
61,171,4710
133,162,434
37,133,8011
132,236,10379
97,178,1819
141,106,240
97,25,14998
93,145,4964
207,141,13615
128,140,158
154,101,7949
180,136,21095
159,238,5430
197,231,16852
42,169,6917
146,101,612
62,159,4073
90,164,3849
200,168,15314
120,79,7451
130,104,283
142,209,8094
142,119,372
110,142,865
156,105,1175
103,43,5984
192,60,9774
176,136,6596
83,182,2128
101,102,610
119,131,3
83,50,1250
176,75,6626
52,29,19538
136,125,1
82,185,26018
222,172,5428
142,205,1859
62,55,10117
146,131,1578
97,47,8714
109,180,18065
92,144,1746
77,171,15527
133,110,16
180,204,5141
81,42,7335
108,129,152
109,77,12240
134,210,3195
100,166,19664
209,129,5882
97,91,2737
230,225,8018
111,99,755
66,181,7757
125,137,41
43,127,1560
109,118,3
135,129,2
163,73,10939
168,17,8246
126,129,1
155,174,4095
133,117,1
122,63,1211
129,85,24893
150,93,5020
36,173,2897
126,144,80
165,65,8595
95,132,497
226,213,8074
186,123,1969
131,80,38605
91,190,1199
134,142,261
166,136,4652
128,111,5
132,77,12113
163,147,11266
187,64,10312
181,149,5221
181,84,1570
114,138,165
132,66,14158
61,56,9760
49,95,5802
68,114,15173
215,155,5668
220,106,20444
125,166,16938
88,118,2233
166,69,18026
137,168,8454
29,247,20689
154,142,1799
37,171,5538
88,143,23057
191,81,12498
192,89,1305
227,44,16660
69,91,2088
93,135,12376
125,115,3
97,158,2096
129,132,4
103,27,3030
109,127,7
80,123,630
177,171,11242
98,179,791
106,25,11217
190,9,20764
130,107,669
113,80,2206
51,159,6079
95,150,337
62,154,20883
160,190,6100
237,108,3986
217,119,5544
142,158,1105
128,223,8659
63,89,1520
173,64,17204
104,104,230
147,132,191
130,116,1
62,90,13055
113,110,4616
148,115,150
24,180,9580
150,140,395
97,183,1857
119,107,2
161,78,5414
153,142,877
215,75,3116
143,127,8
56,109,4808
182,184,10068
77,52,3284
34,178,21064
95,222,10910
114,187,9918
105,115,1
117,147,906
124,64,1090
117,149,803
47,144,3293
163,189,7070
206,232,5630
68,185,8643
114,189,2802
107,129,12
200,48,20816
172,210,5551
120,109,1
127,133,1
122,192,1325
140,76,603
101,124,2
17,190,31909
93,161,4024
93,195,6743
175,47,5803
142,121,74
204,130,9019
176,117,8800
113,71,740
171,72,1143
235,68,15880
135,43,10229
135,71,5680
46,84,3271
214,213,16108
167,115,13489
98,223,9661
50,117,1614
166,130,4522
21,150,7242
58,34,3583
98,37,7190
114,100,2799
197,162,3506
202,105,1192
99,142,307
155,100,895
131,148,810
241,213,13067
233,117,12142
172,29,12284
157,102,973
158,118,1313
173,88,15471
123,152,215
176,127,823
68,17,23837
124,112,1
182,168,1761
72,243,4144
168,93,2708
72,78,7812
215,90,2637
46,150,1575
178,66,4673
57,201,8985
101,131,76
92,33,8126
80,186,2872
86,80,3676
136,83,3929
202,19,8780
134,112,2
115,153,347
121,106,1
69,78,4623
57,144,3986
163,94,4032
153,50,20995
53,156,5860
64,109,1420
134,74,4118
127,194,8244
99,190,5121
172,84,2100
108,78,1727
144,85,671
97,199,19154
71,124,907
95,127,136
90,178,653
153,103,4688
132,102,85
82,160,1363
145,138,12
100,63,7156
144,130,1
113,143,191
149,209,9980
56,151,2501
91,39,3221
197,186,8019
144,61,5272
152,223,8616
144,70,426
150,150,397
154,103,5712
159,113,510
129,125,1
87,151,5424
162,177,25405
119,124,7
68,92,6952
79,78,1389
114,188,1403
162,226,17013
8,86,17733
205,189,23192
138,107,1199
167,191,3561
74,131,416
133,137,25
115,135,2
209,168,6579
61,103,2428
75,175,3408
134,125,1
120,50,8197
98,129,1
154,121,8480
237,168,4450
91,211,3237
145,90,5234
73,213,8570
60,108,7111
216,109,9188
52,174,17926
155,120,16336
65,200,4025
169,76,1586
159,140,8125
150,63,2628
62,50,7730
121,118,1
161,129,255
180,97,14876
127,186,4252
121,215,18583
140,111,3610
97,86,6871
159,151,384
102,158,663
114,105,387
57,68,7353
90,140,1452
121,121,1
80,153,653
151,196,28676
191,113,1164
86,147,1009
87,63,5192
125,156,4381
75,143,342
65,209,8603
32,201,3605
141,23,9543
170,190,8850
147,97,386
120,146,2270
162,154,12417
95,67,7410
72,220,10915
109,101,67
77,184,1363
191,52,4772
145,48,6148
137,103,153
128,176,16524
173,56,8337
144,128,8
170,159,1184
126,114,5
95,139,1899
126,83,568
28,37,5135
7,113,12365
168,133,6234
145,200,3022
132,157,729
133,117,1
187,154,5004
195,166,1892
160,126,929
131,102,556
95,162,5517
137,62,8823
104,216,9751
118,136,5
118,163,1273
44,109,11954
114,89,965
206,129,9849
184,71,8197
79,102,1633
184,177,3180
101,56,9071
185,74,6144
85,127,332
103,98,58
109,124,2
170,158,1161
121,120,1
41,68,7502
147,122,228
139,211,5596
220,111,6008
189,193,9379
112,82,1369
73,117,3617
105,19,2418
134,108,9
163,147,1836
220,57,8361
91,118,2847
129,115,1
91,88,5702
150,91,1793
204,81,3963
76,36,6244
130,120,1
140,131,1
61,148,6793
210,109,5803
118,167,1247
25,140,3142
169,59,4943
198,58,16783
105,152,865
134,209,12853
149,75,784
206,74,10994
128,107,9
87,40,6137
122,72,6486
155,79,11239
117,76,5462
192,140,1395
186,197,3232
34,174,16705
161,30,6914
123,97,95
185,96,9897
177,30,9651
190,57,3608
167,103,368
188,76,5757
143,17,3652
138,108,21
180,93,4301
106,85,1431
204,14,3623
173,161,818
59,62,4767
123,186,18396
157,136,65
86,106,717
81,111,458
156,182,487
128,72,707
132,199,3192
73,197,1670
145,97,484
165,107,2065
30,13,17119
150,184,8539
211,61,8012
119,109,1
83,104,263
70,152,23433
87,17,2899
61,82,2227
154,128,30
59,83,7689
29,40,8242
119,75,2344
143,105,1104
186,78,17977
160,124,226
183,115,7111
100,74,11896
209,199,14970
86,125,490
76,109,2464
139,114,1
71,80,9216
112,149,526
69,184,5405
162,151,618
140,237,16834
85,70,8290
106,141,89
78,234,9448
55,103,887
136,182,1358
143,126,1
183,145,5285
160,173,10390
131,213,7356
70,113,4268
130,113,1
89,83,2815
105,78,4005
83,95,1232
151,141,521
110,105,22
128,102,155
113,72,2017
142,72,3076
104,123,1
175,192,6896
122,123,1
142,93,406
66,213,8083
129,55,4035
99,89,699
80,198,6872
46,201,6727
127,129,1
110,101,27
54,162,12193
117,207,4129
103,104,30
95,147,1125
107,179,7328
126,183,1196
128,172,1458
65,83,5881
99,158,864
38,45,8651
70,41,3283
129,94,117
133,125,1
202,107,12157
97,211,10473
167,126,2222
31,115,2696
62,44,12811
125,55,2100
112,140,41
21,82,5548
132,101,37
8,69,6157
212,188,3630
90,108,156
148,193,11136
43,99,11549
73,151,9065
126,132,1
46,155,2647
77,146,9280
219,80,7796
184,175,3239
134,52,5405
81,140,453
184,70,2313
107,77,2678
183,110,1422
166,105,9447
121,150,341
208,225,25132
154,109,14
110,108,75
136,102,39
98,136,4
172,139,409
158,79,6272
73,113,396
130,196,1249
92,241,5008
128,97,34
185,179,25102
192,157,815
183,79,4505
75,102,2276
183,217,3397
177,158,1435
119,120,1
51,70,8508
99,41,9554
143,244,4019
185,120,1707
159,80,810
146,109,1
41,152,7252
72,34,17610
89,136,954
207,173,8778
151,67,16837
167,174,7049
82,107,507
190,171,856
50,69,3314
117,138,1
100,123,4
49,122,2217
14,158,8341
36,150,6038
179,152,807
167,111,3145
78,69,861
40,108,8423
130,90,618
153,90,1083
56,145,1154
187,121,28349
47,94,5940
56,135,6588
138,169,264
73,138,10441
129,49,2352
70,152,9005
177,159,9446
195,115,6760
65,120,1013
158,97,104
106,126,16
95,107,250
99,145,937
98,246,8103
108,165,2211
102,182,6246
117,92,69
97,70,645
141,189,5340
199,60,1392
203,130,5272
102,91,911
172,19,4658
144,74,9504
52,175,13424
201,122,1187
64,76,2513
124,139,1
172,148,465
95,95,133
203,226,10973
67,89,835
162,30,8654
46,85,11974
93,231,14544
229,166,3480
98,139,1
63,201,13951
132,178,12907
219,106,1907
118,122,1
43,24,8178
127,84,292
147,137,1
112,172,990
158,147,18
19,181,4952
178,131,6324
76,142,1184
67,162,13144
207,151,1453
72,192,5875
124,98,16
185,99,2709
126,172,3484
101,169,646
150,212,1772
95,138,2
189,106,4443
72,216,2620
175,156,1982
108,98,2
61,107,1974
168,180,5027
82,79,1326
94,112,6
101,132,1
119,114,12
104,74,534
208,118,6544
126,133,1
79,80,502
88,118,44
75,170,1247
91,112,78
43,156,2889
154,198,2313
23,240,6462
108,124,46
92,108,180
126,130,1
207,161,5876
109,88,118
190,172,6807
96,68,1359
125,115,2
180,118,1993
197,117,11244
96,29,8716
117,144,1
88,158,480
148,169,1923
186,182,3905
64,199,2859
38,138,2175
99,149,6853
172,101,451
75,17,28160
120,165,1566
178,214,19860
61,61,2822
239,196,10620
99,91,349
171,163,2256
99,135,1
187,92,7364
103,111,1
168,79,2891
104,163,3347
157,53,10426
72,75,8839
134,141,10
159,88,281
101,133,1
173,143,1002
212,127,5228
120,31,10302
107,150,2296
153,112,1
81,161,2628
64,57,7507
230,83,12836
147,112,1
131,144,1
128,37,1704
99,143,35
135,84,561
213,117,3864
60,28,4872
116,115,2
69,80,290
91,148,37
114,140,7
199,137,5607
110,129,57
112,200,6608
104,92,1975
83,172,602
29,104,4495
108,103,10
229,143,3215
66,151,1774
133,203,8404
175,88,2645
119,103,1
80,205,3200
172,236,8359
213,211,5124
68,130,1473
156,106,5542
67,129,230
163,206,3938
91,215,2314
178,193,15770
100,63,1088
183,46,5171
201,140,1452
122,39,3114
113,125,3
133,169,7586
201,168,808
50,167,3991
152,124,84
127,139,1
190,153,15170
123,238,2934
13,127,1269
93,152,157
38,102,4212
60,79,1866
174,51,2575
42,44,17122
153,153,2788
120,98,8
176,132,2304
102,206,5336
44,43,5240
136,87,64
165,172,329
134,144,4
145,77,2210
146,38,2687
222,165,3437
66,79,1922
107,148,362
132,242,11815
189,236,3761
88,178,8549
119,170,1453
63,142,3646
35,127,6096
190,154,7977
183,164,1347
111,170,3428
111,128,12
96,155,680
108,66,685
123,145,3
197,81,1975
92,117,2
92,93,1579
106,103,1
85,29,2431
72,112,1578
203,82,11870
150,180,778
4,158,7250
84,153,1166
119,162,195
126,98,66
202,202,8184
80,75,6566
64,116,514
123,132,1
150,158,5358
108,201,7483
27,177,12905
229,134,2678
185,190,1818
76,178,1734
134,91,488
178,50,40944
154,47,1877
147,60,4850
31,36,13521
101,82,556
132,105,1
86,116,10
98,168,719
192,111,6055
114,163,178
16,179,8496
180,82,2227
153,174,1636
223,48,26889
86,112,1
57,97,2816
65,137,1937
131,123,1
86,135,208
40,158,2888
65,171,4114
71,138,1114
150,149,22
72,187,15125
120,103,1
111,106,8
113,104,1
198,102,2203
114,228,8894
132,90,962
95,163,293
173,133,1047
151,177,1308
169,168,3009
103,142,46
95,170,1597
197,28,8219
101,191,858
152,109,2
162,165,690
71,160,18439
93,70,583
84,142,71
221,114,14124
164,170,3179
182,87,3576
179,66,5825
211,141,18444
129,106,1
100,104,13
118,178,1882
184,154,14789
138,64,2492
119,106,1
229,94,2837
137,72,6775
183,125,769
241,139,7627
204,110,7333
137,134,104
87,112,1
176,61,4509
116,9,8461
93,128,2
100,119,1
86,142,373
160,133,338
111,80,1756
122,108,1
179,136,648
85,85,1252
215,146,6287
51,78,13446
154,160,11922
128,85,100
187,191,1437
81,141,44
142,138,8
180,242,8226
102,30,2086
107,112,3
122,91,16501
94,111,1
99,130,1
228,100,2331
186,93,22220
44,160,7542
191,59,12177
173,73,2832
170,122,4570
198,169,3383
104,78,882
77,152,7450
72,39,7111
113,124,1
55,124,344
148,174,739
76,61,7071
62,153,4971
109,118,10
107,207,3031
103,164,167
107,120,2
166,159,314
219,88,16699
145,244,8242
210,185,2754
193,53,5946
99,152,374
68,54,6645
186,73,2968
122,102,1
119,31,6268
216,158,2129
116,45,4793
73,116,1772
89,132,106
73,80,3588
95,216,2441
128,33,6840
131,105,1
152,205,8845
22,117,4173
130,180,9890
154,184,4977
126,160,23669
126,85,40
137,164,673
33,183,6260
94,159,304
52,108,4151
46,40,11310
102,163,1421
212,62,16309
115,87,6
194,115,5403
65,112,8615
94,59,4908
109,124,16
227,236,17412
71,122,797
143,175,707
59,159,1403
69,115,756
34,125,3615
172,149,302
24,164,8677
60,127,540
120,157,83
65,128,1034
213,173,7854
169,85,3822
118,108,1
51,136,374
177,79,1972
100,87,59
128,146,1
194,25,12381
200,99,1926
144,119,1
174,70,4503
130,119,1
110,200,2137
150,134,1
119,103,1
123,130,1
131,124,1
110,147,87
95,139,1
158,158,4038
48,75,7871
57,7,14675
170,74,3639
159,151,36
119,211,3042
140,191,22872
157,138,1
81,135,115
151,187,1131
108,130,56
23,69,10323
151,105,1
137,88,1683
171,157,1698
177,108,5257
164,42,1342
238,152,7921
166,196,12720
191,102,4731
108,85,52
136,42,10885
205,154,10388
126,86,150
201,124,1029
116,181,2300
163,171,2208
165,102,361
82,56,5264
114,153,203
59,101,515
206,225,7377
239,94,9666
107,90,1
106,108,1
35,128,2769
216,62,8889
135,52,628
121,59,3989
175,133,1704
39,162,4292
70,75,2183
22,110,2297
33,88,5669
175,106,2978
120,133,1
160,34,2393
74,125,167
97,129,7
81,200,2563
87,119,9
108,196,4574
196,223,9515
124,95,37
161,117,5
170,101,3469
222,197,4354
138,132,1
149,104,4
120,107,1
90,188,5310
162,218,6319
125,158,24
50,144,10386
158,104,5
161,63,15532
41,137,863
79,140,194
58,118,627
85,138,2
76,139,267
82,83,1955
87,130,29
18,207,4420
171,28,4311
76,76,4738
139,178,3938
109,61,8192
124,178,1817
166,154,935
174,55,2024
133,148,3
134,173,589
103,138,22
140,132,1
98,179,756
84,152,628
65,75,1545
44,216,3251
9,145,14937
168,125,655
99,64,3383
175,132,324
153,59,5560
123,141,2
132,110,1
152,121,1
100,152,450
177,193,1284
50,187,3439
99,126,1
143,207,2802
161,119,20
102,161,140
160,156,1011
173,60,3042
77,135,260
159,119,1
156,6,6210
40,161,5663
65,16,11050
131,123,3
216,176,8373
155,121,2
144,75,912
168,65,5292
71,126,434
90,154,215
23,133,6222
124,121,1
117,88,124
122,129,1
180,135,1240
169,134,922
39,170,2782
182,224,12903
48,90,9879
56,128,1311
191,61,7253
120,109,1
88,148,10
134,161,731
6,108,1642
24,63,7576
165,93,382
171,102,145
25,236,4517
112,148,211
128,47,5195
67,189,2558
80,123,1
148,84,466
79,46,5236
58,83,3764
137,176,13551
219,203,16370
72,120,27
50,134,1281
203,15,9236
113,86,233
169,64,22878
104,129,2
160,65,5623
93,173,443
127,94,27
114,123,1
173,123,207
57,227,14098
89,114,1
152,141,1
94,169,638
88,125,1
115,38,7913
20,213,10459
118,67,984
117,111,2
118,173,497
200,78,5894
124,210,14098
99,122,1
55,225,8561
141,226,3312
88,152,19
191,86,2974
120,94,1
96,154,82
101,99,90
133,64,1117
27,132,8473
130,102,11
19,56,12906
122,150,3
59,46,4203
190,61,19474
165,191,4593
114,135,1
162,171,440
220,89,2616
119,231,3563
203,163,1741
116,188,961
93,70,784
100,122,1
33,24,5303
178,52,3102
87,51,1021
121,147,1
86,183,1645
181,34,7252
76,152,2575
114,113,13
61,128,777
132,222,5238
59,73,2445
210,177,5268
80,120,2
132,145,1
135,116,7
69,140,359
188,78,603
47,96,706
90,103,56
151,176,5848
235,75,7630
85,124,1
173,76,14542
208,165,5475
98,173,2423
144,180,15211
167,172,17773
115,93,1
53,67,15730
76,163,203
220,147,11165
167,66,532
161,58,4241
139,135,1
101,100,62
81,137,55
129,157,39
18,67,6306
193,193,6798
169,108,1521
144,41,2210
127,143,2
63,44,3801
70,145,735
213,114,9352
102,80,7573
107,179,12520
97,93,770
164,79,991
160,143,1
63,179,3375
122,94,2
127,101,1
118,127,1
237,148,5364
63,177,9518
145,206,1733
92,90,15910
160,54,4117
100,88,448
85,22,5326
125,54,2723
118,171,156
122,60,9749
117,25,3109
86,220,4571
141,74,2307
181,98,1202
103,142,7
130,75,8048
199,82,1503
158,138,1
122,136,1
116,149,1
50,68,4033
106,87,1
159,66,2970
57,198,1694
31,123,1602
61,103,369
85,114,3
139,143,39
172,209,1323
99,159,6929
67,194,2320
147,73,2468
171,43,1028
58,55,3587
143,86,290
121,64,4816
204,94,3845
162,92,753
33,88,4895
69,193,4027
107,159,246
75,132,1585
90,177,686
105,177,354
209,154,2591
112,185,846
130,140,1
149,109,1
11,77,2108
133,41,3668
102,94,13
66,82,4064
216,52,5686
113,145,2
122,72,2631
36,71,4370
60,217,8614
200,18,10256
124,162,167
144,68,1871
68,205,10388
134,104,1
65,112,114
86,185,4079
134,100,1
174,132,115
139,207,2448
181,140,6296
103,146,191
154,132,1
143,57,1406
109,186,1132
115,46,3139
222,174,7148
140,121,1
138,21,9111
72,112,54
28,102,6826
144,112,1
66,214,3987
101,179,385
77,67,4246
62,133,684
54,30,8431
142,51,1130
101,196,2201
210,185,5337
53,208,10207
11,117,17715
153,112,1
147,89,58
70,125,107
157,88,1012
168,109,513
182,150,731
159,208,2119
171,81,2521
169,69,10953
109,45,1661
52,184,918
56,100,6886
153,171,415
150,159,108
122,171,594
197,140,7276
142,64,6583
144,71,527
23,168,1044
64,144,1977
237,39,13163
48,103,2683
224,147,5166
177,147,1336
50,102,6535
45,142,2226
138,25,2450
144,95,379
140,151,1
167,171,5175
133,38,1551
154,96,9
200,30,2466
127,172,179
215,103,5483
125,117,1
161,128,110
65,20,3369
215,114,14573
48,95,3791
45,104,13417
176,114,190
54,167,1245
162,152,19849
110,69,1771
201,124,2254
138,183,4231
50,188,4883
133,173,648
222,122,4379
122,96,1
167,80,355
13,59,6427
173,178,1308
54,178,5223
180,128,1787
104,110,1
226,138,5770
138,80,1032
91,89,697
109,86,1
151,87,2947
90,212,3783
215,45,9679
145,189,3248
107,137,57
167,169,6261
122,120,1
98,87,247
88,36,9165
25,74,6537
124,34,4324
67,87,396
80,137,7
225,22,15035
179,102,16247
30,181,6421
173,76,520
190,86,1294
97,160,172
84,33,2522
132,168,4212
98,164,7640
92,195,3346
41,189,4383
167,92,258
191,79,10938
117,81,817
88,159,488
132,67,601
93,191,446
54,109,222
170,117,100
130,72,1557
103,125,1
125,90,300
224,129,7446
83,69,346
162,134,225
72,93,128
118,81,322
97,185,10632
156,159,765
170,173,11361
114,131,2
130,118,1
184,210,1503
108,191,13324
231,112,6308
84,153,22
128,54,1526
38,90,4610
87,91,209
42,86,1395
115,90,1
52,107,200
151,152,1
102,162,480
158,88,1061
105,32,1468
155,102,1
106,204,6936
144,181,22573
96,84,3408
104,76,4410
89,122,2
119,168,263
217,65,3371
198,142,1562
117,54,251
168,120,4
94,98,458
150,50,4237
173,173,2269
169,53,1401
168,95,197
113,93,1
167,133,38
30,124,4933
30,105,3200
40,68,2550
107,195,11001
197,44,3657
31,26,6552
150,172,4280
92,163,203
108,120,1
157,71,1000
60,95,6268
83,84,2441
136,236,5701
175,32,1426
96,119,2
201,61,4772
133,169,2188
106,131,3
90,137,2
79,122,1
140,214,3857
108,121,1
174,78,162
143,198,2611
136,43,3956
53,200,5389
62,104,172
135,192,3155
20,93,5996
180,102,383
224,107,2890
152,56,1613
145,79,83
210,188,5401
53,115,1210
173,138,350
145,164,2307
133,209,4184
160,108,2
134,72,343
145,168,159
142,139,12
128,97,1
140,89,192
144,32,9722
132,100,5
177,130,1955
149,143,1
76,105,30
80,101,11
48,138,3262
134,147,8
33,149,9673
11,167,2451
85,125,1
51,150,11870
76,133,97
152,201,9929
146,202,11456
174,146,308
116,161,13
79,98,88
127,77,352
101,177,904
190,79,3136
119,189,1079
123,6,4640
148,191,8168
149,233,4175
45,111,4662
51,68,1540
134,116,1
172,142,3214
126,125,1
136,99,1
108,72,2713
179,217,6702
56,125,453
136,141,25
210,114,2108
116,150,1
39,115,839
87,164,70
137,138,14
56,154,1468
87,218,7669
48,111,5614
159,171,1662
134,104,1
119,138,3
24,66,19157
167,119,1
94,153,1
169,134,165
152,176,954
168,143,643
110,197,3368
203,47,6822
54,157,1428
139,160,344
217,97,5084
81,121,1
168,139,148
123,86,30
113,91,1
126,145,1
113,245,7311
173,91,72
83,68,714
107,59,294
131,85,128
128,196,1116
144,86,313
162,167,883
114,135,1
194,99,14581
88,85,483
62,114,186
130,101,3
187,158,7456
167,56,1702
106,108,1
189,172,3346
182,36,11529
166,93,23
161,134,15
173,149,330
100,179,2484
144,127,1
55,162,2070
113,192,434
37,26,6889
161,179,1767
146,131,1
91,118,3
216,116,1246
152,172,588
95,118,1
176,126,156
149,48,3118
127,101,1
184,165,4066
143,46,724
239,26,6688
102,92,5
213,204,3643
114,99,1
68,139,1402
139,191,1143
90,103,5
186,128,6297
52,75,3214
182,156,899
140,122,1
183,209,5580
129,91,2
115,122,1
80,168,75
87,23,11906
86,180,1590
180,69,6289
120,148,1
157,145,9
168,132,999
175,153,203
90,80,1161
169,116,6
135,136,31
206,72,1827
124,49,1237
121,209,636
24,157,4320
138,136,1
110,104,2
160,164,357
48,98,6908
91,105,1
86,126,1
57,160,671
114,67,1234
131,98,6
158,193,2671
47,135,3897
48,57,3386
229,82,8404
66,156,980
198,109,527
66,128,121
105,42,1798
162,108,1
131,119,1
242,187,2060
70,188,1432
65,155,737
74,150,1183
206,121,3278
100,108,3
156,58,4825
95,181,642
166,44,866
53,108,1713
40,161,1459
169,22,5549
148,69,2363
98,154,2
72,131,23
115,130,1
175,148,2827
141,162,64
94,139,1
111,117,7
121,49,3870
105,112,1
172,6,2422
171,172,2014
177,54,5976
112,56,644
159,15,2094
138,177,602
132,112,1
115,145,1
96,188,1704
128,110,4
134,194,584
198,11,6257
69,189,1395
80,170,3563
146,91,663
182,69,4395
210,195,2633
127,144,1
101,109,2
202,95,1055
132,96,18
209,196,5342
215,63,1625
200,227,1562
92,150,1
74,129,2
189,174,1771
126,40,1792
203,125,8620
135,167,44
136,147,4
162,108,1
143,88,95
219,163,5845
166,142,852
137,146,10
138,128,1
237,104,1842
52,56,2866
29,126,6332
101,98,12
189,102,477
212,38,3044
78,133,12
168,65,1222
92,81,1834
222,80,3866
5,127,1884
89,177,4866
157,211,3509
98,167,2349
73,175,248
129,77,1249
65,128,33
96,154,1
32,76,2613
23,67,9481
122,133,1
162,86,1602
98,107,1
119,96,1
145,158,176
164,79,1366
69,222,4336
96,25,1183
79,207,4130
127,12,9443
195,141,5513
56,102,2140
198,22,1453
202,97,797
111,154,78
108,95,1
112,163,17
64,53,8616
143,125,1
46,135,1757
208,142,2437
32,120,8210
143,125,1
145,196,960
137,78,761
142,151,69
162,177,217
71,87,2646
66,55,6298
158,171,593
109,66,159
140,115,1
63,79,392
101,152,1
208,111,1262
20,112,1923
61,107,2299
113,159,1
61,89,2575
216,99,6392
10,162,2719
124,39,3907
155,111,1
91,108,6
124,221,14635
235,128,1660
151,80,47
173,139,247
163,148,1
62,212,2139
82,146,1
104,66,221
145,27,4881
98,92,155
8,180,2708
120,124,1
150,160,43
114,100,2
130,133,5
22,207,3930
78,113,1
126,185,594
124,104,1
99,15,5424
57,171,777
70,128,1
75,107,8
64,161,2777
219,76,6474
121,113,1
113,51,6216
78,145,1
86,118,3
175,105,7329
104,109,1
160,48,2069
17,86,7573
114,70,192
134,183,1277
150,145,1
165,190,732
121,191,996
109,133,58
207,132,1833
19,178,3325
46,134,2118
30,88,1922
41,98,1682
191,119,211
105,80,1
180,28,4249
104,206,1058
146,130,4
133,42,4044
41,23,3095
107,128,21
132,150,11
112,201,2439
111,179,175
56,20,5967
218,68,5800
138,98,1
99,168,535
63,74,1211
104,152,98
38,138,399
177,208,2423
118,94,1
90,105,1
120,183,132
91,49,5234
166,190,2025
63,142,989
111,63,177
106,167,234
150,239,8766
67,157,5406
126,37,4972
229,225,4324
139,156,100
155,109,11
203,39,7026
135,208,3170
135,142,7
100,201,2370
176,28,7715
95,178,5909
120,188,692
226,131,9505
72,87,294
191,55,4451
138,204,3462
105,118,1
131,100,4
124,154,1
180,135,343
167,209,5508
57,127,73
87,156,6
200,51,1841
40,118,1184
81,73,226
169,149,34
102,93,1
120,115,1
142,169,133
71,139,1177
26,160,8408
51,53,3061
165,139,5
133,80,368
213,156,2681
63,114,28
101,162,340
241,78,2265
158,80,1714
55,48,4820
93,71,205
79,205,2015
158,117,1
79,127,1
26,114,3893
199,143,6761
54,100,882
95,126,1
175,69,3391
201,61,2998
43,162,445
102,179,80
121,182,305
40,43,12432
132,64,1987
180,129,652
74,135,19
138,110,3
196,179,5609
103,54,3508
124,77,391
214,166,1707
178,39,5447
195,118,4025
55,100,1601
128,58,2428
163,135,147
160,101,5
116,193,1482
55,103,1344
88,48,1683
162,76,82
70,116,13
136,11,3009
119,217,1774
183,165,584
177,119,7
79,141,1
69,106,1700
230,210,4518
55,152,1117
166,75,2938
65,177,797
127,107,17
126,73,8234
89,105,1
150,5,3490
22,148,3466
45,221,4593
235,55,11932
140,11,2563
121,123,1
189,140,1114
79,175,102
68,119,1
82,189,1786
202,67,4548
96,89,159
241,79,3957
90,171,329
15,43,2328
143,144,1
172,183,8166
84,66,1485
157,122,1
107,156,71
138,123,1
152,118,1
156,200,739
46,135,1274
23,162,660
125,114,1
146,92,98
187,185,4181
157,138,1
163,152,1
176,208,2777
77,146,2
164,159,4
185,133,139
188,127,1311
99,81,327
113,154,15
16,184,6796
77,99,457
147,95,84
83,93,12
161,155,1
65,56,3327
131,122,1
124,145,1
77,160,901
162,122,1
61,50,9362
94,182,1080
201,143,3344
91,139,1
122,115,1
147,69,482
76,232,18480
196,95,384
173,150,33
131,140,1
25,115,3977
234,156,5981
56,117,566
98,167,98
108,131,26
165,88,146
176,219,4082
112,144,1
145,122,2
155,141,1
191,116,126
60,78,3480
39,109,923
85,154,1
186,167,1209
119,55,2434
185,111,2614
115,106,1
70,102,759
162,86,151
73,154,587
126,231,4067
67,194,3278
158,172,713
212,77,2208
71,139,13
177,117,139
229,188,8166
133,179,3219
206,6,3030
170,125,10
35,233,6914
156,130,6
104,111,1
114,127,7
141,198,3033
145,131,1
56,58,12186
134,176,254
125,93,1
73,133,70
153,121,1
118,40,2833
184,122,192
56,80,1413
174,189,1668
140,21,921
73,173,805
106,224,5411
65,46,3911
115,109,11
170,127,16
63,155,1876
71,184,1325
162,178,410
129,125,1
35,42,2751
133,47,3386
126,99,1
36,91,3468
45,231,3093
177,155,1214
166,156,1
193,132,664
123,25,4098
136,43,1578
123,95,4
156,68,167
69,222,5369
47,79,4118
162,130,1
95,163,3
208,144,986
92,158,1
174,125,774
166,174,643
138,207,2211
205,91,3886
229,116,9668
201,79,1904
170,172,1405
202,122,1372
67,195,555
112,170,25
128,73,149
194,90,1251
169,80,198
145,184,7977
100,116,1
14,147,5068
116,134,1
103,221,836
54,74,4020
147,156,61
98,46,6022
144,200,7503
238,112,4657
4,156,1515
94,60,2048
127,135,1
77,241,4517
166,93,30
112,134,7
198,178,1396
59,155,541
49,239,6535
148,124,1
17,74,2169
113,81,1
141,203,3025
90,92,316
72,103,381
143,66,1008
181,92,21
103,87,1
38,95,2942
67,162,181
53,108,4488
51,187,1190
99,222,1964
206,71,3230
189,82,1983
89,228,3122
161,120,2
19,129,1934
69,77,707
125,186,1049
142,146,1
210,76,3409
131,85,91
199,55,4747
151,67,710
109,151,15
123,239,4919
54,198,2029
214,101,10008
160,117,3
209,196,10365
55,75,1880
206,155,6680
67,236,4837
40,35,4889
142,223,1012
80,165,149
26,185,1612
111,129,1
12,71,2476
102,87,1
163,82,14
177,224,7360
93,186,2807
130,19,2861
83,64,2923
88,204,3640
116,192,463
85,96,1
243,194,6633
48,75,2105
178,163,946
147,100,29
225,206,6213
137,183,1378
220,54,1770
158,81,67
59,122,3
48,87,402
186,183,2462
109,86,1
110,99,1
51,24,4981
136,191,2126
120,88,4
208,57,750
108,206,2847
118,152,1
93,121,2
145,156,7
230,138,3370
92,132,30
35,26,3714
161,47,1462
151,74,214
99,48,301
186,99,404
169,136,98
135,121,3
130,100,2
74,109,41
148,131,1
216,190,4987
85,158,11
136,185,2327
114,78,1
17,70,8950
178,113,182
191,49,839
49,107,1565
26,117,1023
96,137,1
79,153,2
156,134,1
143,212,8415
31,117,999
11,121,2331
151,138,1
222,94,3002
105,136,1
62,13,2891
118,158,1
37,103,2117
112,80,1
186,83,2346
46,116,445
193,100,437
216,108,721
137,93,24
77,117,19
143,85,256
162,66,2882
95,46,2734
109,182,391
139,86,52
168,102,3
120,136,1
198,41,2005
129,150,1
69,67,3008
150,65,1156
153,93,1
211,81,1744
141,124,1
82,133,14
139,159,57
83,67,1981
35,118,3789
154,60,490
121,172,839
80,66,533
185,125,224
117,110,1
153,138,1
62,112,2
203,139,717
39,127,1837
100,125,1
149,192,3759
162,38,6011
142,122,2
93,186,303
221,68,2378
227,127,2425
159,216,2799
98,164,1
204,152,5544
156,125,1
127,16,3124
142,95,68
15,159,4764
103,151,155
124,185,525
138,154,6
187,167,5115
175,144,12403
84,79,1369
56,107,332
91,105,1
227,221,12023
166,139,1
158,193,2032
202,108,2362
81,143,1
150,12,2016
67,115,1
36,88,641
95,187,307
114,111,9
155,187,2805
194,148,853
112,42,1478
176,129,756
100,165,1
201,82,477
236,224,2402
113,84,1
47,60,1836
49,127,832
48,41,3096
154,100,2
4,111,2367
167,123,4
127,159,21
127,204,1303
130,113,1
217,85,1979
201,138,928
94,143,1
91,155,2
122,69,197
106,97,1
77,216,814
104,85,1
91,87,345
126,207,3918
212,188,4327
68,135,21
27,230,7721
128,159,3
92,155,1
97,166,1
166,105,7
179,113,1759
134,159,13
143,130,1
162,124,4
98,153,1
112,102,1
116,103,1
201,143,1733
88,165,1
73,141,1
120,219,2334
142,142,1
102,140,3
98,113,1
188,104,48
173,157,917
137,73,284
214,191,1062
122,62,4771
119,202,4364
67,92,580
227,71,2962
107,222,2182
191,108,302
53,136,908
156,31,1673
117,85,1
107,189,1153
158,177,1846
167,121,1
128,202,4899
11,95,2188
200,109,1515
130,151,1
74,118,4
41,212,5921
119,220,2012
119,126,1
135,62,424
108,61,6666
120,140,1
77,185,931
44,61,7747
26,158,2294
212,223,6022
138,132,1
204,69,4076
110,207,1880
80,180,770
115,167,6
146,169,3945
210,109,6159
151,140,1
177,120,1
117,152,13
155,70,1583
164,60,1244
111,63,65
181,106,179
77,91,7292
41,229,9766
132,188,3145
180,230,9122
53,83,4933
118,82,6
92,24,11238
44,213,3291
186,117,36
131,97,4
189,115,39
144,167,427
90,69,5924
66,74,4084
151,17,5082
146,32,4894
157,203,3963
183,227,1914
101,150,13
158,139,1
102,163,38
139,115,1
74,139,1
130,36,2122
151,133,1
80,98,65
119,40,2124
36,179,2536
123,163,1
172,176,113
51,64,2581
169,161,52
133,121,1
240,106,6078
118,125,2
126,122,1
18,95,2889
122,180,2232
66,131,1
87,129,1
83,82,86
51,194,5212
128,176,380
192,138,3909
214,148,6600
143,66,864
169,232,5420
204,135,977
79,118,4
84,29,6064
111,73,7
204,116,1617
52,183,5838
142,214,2287
143,182,187
147,166,4827
96,184,6866
150,105,1
94,99,19
45,135,375
92,127,4
57,212,6754
90,121,23
132,61,330
112,60,1080
17,114,3068
12,30,3870
194,79,124
176,93,1
242,13,9330
227,30,8987
191,152,168
135,197,1007
88,134,36
136,122,3
84,152,1
223,136,4271
146,189,2188
13,64,1070
52,164,1860
153,158,2
229,48,5903
210,140,1880
116,127,8
75,125,3
196,92,475
192,236,6965
135,133,13
170,122,2
133,185,2521
151,110,1
91,172,24
35,175,3209
71,92,180
233,147,5288
215,95,1332
119,181,128
130,171,4229
102,98,11
92,231,5405
119,83,26
72,144,13
96,154,1
83,133,2
64,182,3848
86,108,1
223,182,3307
110,169,54
70,105,49
63,48,647
169,28,1788
27,106,3484
124,200,2655
130,94,2
65,173,736
180,45,4186
184,165,2344
106,188,347
128,173,5
66,71,531
160,64,10566
58,114,866
64,117,1
125,158,1
149,210,1481
164,86,88
192,153,1013
130,184,5091
208,69,2004
53,99,1121
203,22,2594
161,100,1
76,216,3254
90,103,2
138,50,2264
77,145,1
126,95,1
126,186,690
134,149,13
118,127,1
170,19,6119
138,50,425
109,136,39
159,119,2
55,89,5094
87,100,1
7,26,9317
171,177,2468
177,211,8396
59,249,3181
135,157,22
109,165,85
15,136,518
196,46,11027
111,118,4
35,138,1201
139,30,5958
147,203,545
87,66,230
79,44,3692
26,74,4849
51,162,540
147,96,65
186,191,7447
70,7,2526
189,41,1522
74,159,70
117,141,1
120,132,1
183,141,412
22,107,927
210,48,2921
52,6,5703
182,212,3510
46,132,502
167,160,67
143,47,481
154,128,9
160,92,41
187,192,7417
70,80,1144
130,175,293
162,126,13
176,83,118
176,29,13292
75,183,1523
191,13,5496
58,77,264
199,100,444
119,150,3
168,227,1908
97,95,14
29,51,2249
168,151,10
157,81,1
197,209,3786
68,200,2676
79,126,2
202,208,2843
121,73,81
41,51,3667
84,201,908
173,106,33
136,201,853
9,144,1907
93,184,750
88,93,4
192,231,3563
83,131,3
130,163,11
183,206,1910
135,83,643
44,50,1714
192,138,657
172,88,205
109,168,1476
124,49,1015
159,77,26
155,166,50
86,156,15
50,110,68
183,126,48
86,201,3142
125,104,1
74,195,2655
210,66,4465
39,9,2576
143,85,58
46,100,379
186,138,5154
212,159,1215
89,88,89
136,104,5
60,51,5225
66,147,101
100,145,9
77,173,627
222,22,3272
169,54,3546
156,177,1733
210,93,2176
78,87,15
206,205,14416
171,155,183
180,126,31
141,45,1868
96,130,54
98,46,554
98,158,1
157,59,3207
25,113,1222
173,72,469
91,101,4
128,157,1
70,67,1555
100,86,1
166,130,122
84,111,1
56,192,515
191,61,5414
188,93,26
93,165,14
29,169,3796
119,207,1654
200,164,295
74,102,6
147,101,117
144,145,1
113,129,1
145,102,8
173,146,46
12,142,2277
53,204,3160
132,21,5351
143,230,2978
134,113,1
131,141,2
142,141,1
62,171,1151
121,61,559
200,110,7071
205,161,832
137,158,148
185,95,2
142,171,2629
225,79,3380
199,176,2965
81,117,2
33,162,1460
178,77,1408
89,145,1
74,78,3305
186,158,7497
136,236,1258
67,119,1
179,152,185
41,103,839
106,97,1
172,167,36
104,121,1
54,69,910
85,39,2812
93,63,126
152,149,1
109,111,13
106,104,10
43,61,588
96,104,23
30,47,15499
147,107,1
133,134,13
178,86,756
157,171,234
112,175,17
122,130,1
99,140,1
95,216,21754
27,32,5716
218,157,5569
183,102,10
36,219,5213
141,87,133
109,80,1
196,96,3863
94,170,16
188,155,542
35,205,10100
22,116,2192
174,88,16
189,211,6567
199,177,778
71,134,71
157,159,1
74,56,1565
65,135,25
57,179,250
39,80,622
201,142,818
22,91,6855
121,230,4768
136,32,3347
148,139,1
74,121,1
107,193,2379
150,27,1253
107,114,1
58,67,3490
140,13,2360
156,164,2
44,127,217
169,105,1
166,86,93
105,29,1746
178,155,108
12,204,2587
52,189,3263
170,22,4215
119,84,1
187,81,767
134,233,8549
162,13,8241
182,123,1
177,63,388
79,128,1
145,27,7507
205,118,249
184,111,575
125,70,697
219,114,3860
62,97,158
63,139,15
155,185,238
149,154,1
105,178,576
84,24,4179
21,195,2300
45,113,73
196,60,1861
163,59,647
210,134,1869
111,190,375
132,211,7300
116,62,4792
89,123,1
12,33,4746
70,133,26
214,233,6101
73,108,1
142,154,12
106,163,32
79,205,4322
92,93,33
19,107,7749
156,40,3248
82,146,1
168,69,1380
235,65,2481
176,93,2
33,87,1629
109,52,3689
237,55,3294
75,83,375
26,70,9401
48,77,1823
142,85,52
87,101,1
60,156,504
194,175,1879
138,166,382
142,92,2
110,193,1423
79,69,2789
179,94,1
193,174,1408
165,124,1
39,45,13198
46,166,2156
198,107,945
171,121,1
91,195,4866
107,61,196
169,74,119
138,195,1258
115,198,4712
189,4,1759
61,123,1
127,152,1
190,128,4841
110,48,727
125,131,1
89,16,1182
127,110,1
133,87,27
141,117,1
157,222,2530
145,189,147
79,212,6507
182,106,13
217,87,4385
171,126,13
207,152,1072
86,75,583
114,91,1
229,156,1720
139,93,1
170,156,2
212,95,595
184,187,816
41,97,1679
29,200,3625
62,64,11806
83,92,1
173,102,7
119,116,5
69,106,74
194,39,703
188,129,2077
156,216,4634
51,142,640
63,165,219
71,161,43
214,144,4358
151,57,1687
82,149,2
76,139,1
193,103,16
141,144,1
92,142,2
201,141,451
193,76,650
70,157,2294
170,38,11992
192,55,695
133,166,40
98,101,10
164,102,1
154,105,1
36,98,1483
162,84,26
199,69,3704
168,119,1
66,192,4388
216,75,1598
182,105,362
86,83,13
128,57,1113
196,49,3580
152,84,5
54,158,269
180,161,183
117,60,119
150,230,7305
83,139,4
143,158,7
7,44,2550
96,215,3864
84,42,920
119,161,1
99,135,2
205,113,874
183,115,123
236,110,661
79,178,1435
120,148,1
133,236,2707
86,13,3541
121,76,42
148,113,1
80,73,3697
211,122,1708
101,140,1
185,54,714
144,173,629
137,165,20
42,122,209
122,61,481
112,151,21
163,119,1
74,146,1
45,91,829
109,165,69
127,138,1
145,81,38
69,101,163
122,131,1
129,98,1
144,84,22
82,154,1
161,102,2
193,107,280
169,83,13
90,144,1
68,96,1332
43,192,2992
215,115,1059
245,28,3137
209,40,9468
86,80,166
138,116,1
76,104,3
151,117,1
100,161,1
86,65,2166
166,148,1
103,167,4
99,122,2
138,195,2236
171,38,3372
186,163,4317
47,205,3730
116,149,1
188,211,1057
124,133,1
33,91,4547
72,95,7
62,202,6929
60,109,1
184,140,115
70,36,7007
212,132,2036
214,147,3799
76,138,1
106,63,8
123,188,2040
143,152,8
148,190,1693
173,177,1567
67,211,1650
109,101,1
106,189,198
155,191,1499
39,215,1871
37,80,1381
190,144,284
180,134,485
30,108,1888
161,84,144
108,45,2488
189,118,19
150,173,226
133,174,6361
142,82,1090
59,80,2680
147,224,3312
197,121,2572
173,54,127
69,99,99
86,132,2
227,85,1110
62,116,2
126,223,2170
71,82,401
113,170,1
83,134,26
177,57,202
99,68,12
170,162,1
184,85,15
60,97,1392
78,70,1151
101,71,8
83,191,963
144,109,1
139,94,1
156,204,4139
227,101,1522
155,150,1
108,131,28
91,52,4227
38,93,2869
91,242,10458
82,105,1
178,69,1935
110,52,6909
194,143,3104
111,124,1
202,159,1674
144,164,408
134,107,3
90,134,21
190,96,142
85,95,1
102,58,14
145,122,1
161,67,815
118,199,935
194,155,1351
164,74,1
113,242,1512
15,132,1496
142,47,825
225,139,1929
56,166,1086
29,44,3626
93,6,2533
156,169,29
108,61,3984
154,112,1
116,126,7
87,106,1
103,157,20
28,114,8006
43,20,6314
83,175,1459
225,90,3416
175,196,4777
106,71,1
28,152,10312
129,146,1
95,69,55
93,114,1
227,203,4290
59,145,5894
114,93,1
104,65,1
76,124,3
123,37,1429
161,134,2
235,13,7548
35,136,1466
36,183,1311
198,67,1493
159,90,9
192,186,3507
143,64,888
167,76,43
171,125,5
157,26,11562
46,110,858
159,157,1
40,137,825
140,179,1010
143,88,2
157,119,1
186,47,4243
64,148,251
137,145,9
51,212,6579
186,178,1203
38,203,1543
150,164,51
194,98,35
221,14,5703
218,232,3656
40,140,454
238,94,1227
94,180,4548
111,199,414
30,160,1246
101,195,9376
119,129,1
108,59,123
85,46,2640
178,102,43
41,94,285
81,169,1261
41,160,5326
177,145,757
165,243,1624
22,136,2358
215,53,1156
39,160,2578
90,186,301
45,73,1549
76,133,5
141,90,29
137,217,1642
20,124,2444
200,104,249
129,128,1
109,156,12
146,35,2581
161,57,1410
46,141,4518
173,202,799
84,151,1
241,187,2831
43,172,730
180,180,893
191,95,29
186,116,32
112,101,1
162,99,1
151,48,3046
103,214,495
182,81,14
48,234,2654
98,67,322
59,104,58
239,72,14233
175,57,593
124,178,12
235,179,3869
81,75,407
112,199,1306
180,178,1225
108,8,2144
149,117,1
90,60,1305
17,107,1918
142,93,6
172,88,138
220,201,5851
195,148,326
113,115,16
18,119,518
116,136,1
8,190,7192
106,18,2110
181,32,8829
160,165,3
150,80,18
137,167,4
78,52,4576
108,203,6630
152,38,1482
97,95,40
50,127,30
109,144,2
91,119,3
67,95,11
142,141,1
33,190,2346
83,145,1
110,27,7022
96,143,1
177,113,1
153,231,3284
51,126,129
148,210,2028
169,101,1
78,44,2011
154,164,1
78,80,258
78,80,54
114,146,1
43,128,47
165,127,2
163,154,1
103,177,2419
156,87,1
126,222,4797
192,99,9
13,205,1719
49,27,3433
188,158,365
203,124,3995
174,132,260
63,113,1
173,93,1
160,106,2
23,113,1303
146,127,2
69,154,9
52,23,9545
83,162,1
225,171,1532
27,218,3720
180,116,15
49,152,380
175,89,116
168,123,2
168,75,8
156,245,6055
107,150,45
162,80,1
124,86,10
115,92,1
110,70,2
119,151,1
147,75,320
171,101,1
189,43,2321
221,81,4124
82,38,636
91,101,1
152,97,7
66,97,20
100,71,4
79,156,1
85,47,238
78,67,944
137,92,4
148,184,654
211,122,2398
91,62,1737
156,104,1
40,135,1237
180,79,723
138,45,1545
204,62,7913
150,165,89
107,69,1
143,101,24
189,115,1014
109,149,72
82,166,6
113,32,3506
156,154,1
95,50,94
50,98,540
215,152,982
69,157,10
51,31,2848
108,173,11
69,112,2
78,214,1799
190,220,2816
31,72,1267
116,197,696
201,63,3244
79,159,2
36,66,7916
76,99,99
156,131,1
187,199,9120
16,105,1566
238,160,8584
136,121,2
147,163,359
159,185,696
189,76,717
63,96,5
104,140,44
13,97,1825
92,168,4
24,235,4462
91,138,1
130,56,2700
166,136,1
88,195,625
90,132,14
111,66,9
134,21,2877
110,176,23
212,25,2212
158,198,677
109,86,1
77,104,1
113,162,1
150,203,1905
73,35,4345
227,181,3907
106,39,2746
103,129,4
52,115,1
163,223,3546
175,150,17
159,174,20
94,129,3
194,71,2534
60,73,836
84,175,27
233,41,2909
54,63,3706
151,139,1
33,129,2464
134,46,1902
99,151,1
74,130,1
51,122,4
86,69,307
55,175,4650
218,75,4787
165,62,254
87,110,1
142,90,3
149,161,6
19,168,2530
63,86,174
143,218,617
128,67,574
110,164,9
93,192,278
115,184,70
53,41,1334
121,170,1
203,209,2601
51,116,66
160,82,1
199,198,4970
174,169,7677
160,98,1
62,72,161
69,196,630
182,127,3
66,167,1931
55,211,6475
34,184,3336
113,137,1
228,185,11631
41,141,3944
163,161,1
211,152,1206
22,163,4399
64,162,4109
34,50,9725
217,100,2310
64,193,7032
196,120,113
211,116,873
211,98,1311
24,178,2325
118,41,943
155,84,1
135,68,3266
184,106,4
212,107,288
145,119,1
156,133,1
84,58,185
13,166,1545
87,172,2
197,52,1481
94,168,1
149,125,4
162,91,5
55,140,499
167,113,38
153,182,730
53,150,3058
167,96,1
60,105,16
133,73,271
104,135,1
19,0,4980
52,121,1
164,128,1
106,139,46
231,31,2934
137,56,1630
159,97,1
133,129,6
70,155,2
164,54,2244
211,4,1312
136,140,17
198,59,2107
65,149,1
172,181,75
205,155,2640
92,94,47
164,101,1
182,112,69
46,138,384
134,156,6
78,128,1
101,201,683
96,122,1
86,144,1
77,105,1
38,208,4260
225,175,3426
201,88,388
185,172,2480
64,136,64
131,101,1
72,193,676
109,156,10
120,62,3936
131,69,371
136,205,927
160,141,1
35,128,2242
167,131,10
188,43,882
191,111,79
184,205,5610
92,157,1
156,66,27
99,173,1
46,161,3673
181,46,1045
97,160,2
91,81,19
130,162,11
46,90,1223
220,161,4055
169,230,6616
109,192,251
174,76,13
63,125,30
91,107,2
142,151,1
68,100,143
205,42,1872
188,148,130
130,126,1
155,98,1
121,206,1825
149,122,1
189,105,14
92,159,1
177,157,1
179,121,1
218,123,721
168,198,3674
97,181,279
222,67,5270
109,191,3237
56,55,1785
119,192,318
85,149,2
53,190,2069
59,46,918
168,240,4481
88,70,212
147,107,1
128,56,1647
120,228,7694
173,138,23
38,104,554
75,100,43
57,214,6294
135,186,564
145,184,83
88,182,100
58,54,5897
19,94,745
17,50,1882
76,87,23
1,157,7557
180,131,12
172,46,151
60,193,1486
129,194,1860
157,112,1
97,134,7
110,195,1043
89,99,1
95,159,1
182,183,247
94,234,8513
205,174,629
230,123,1827
98,130,3
138,28,289
40,181,15853
80,152,1
187,146,1977
69,150,2
100,23,1519
45,145,2274
145,188,680
27,91,711
207,223,1077
81,177,26
86,174,20
135,92,3
8,129,2114
113,142,1
196,126,101
182,181,516
115,138,1
185,106,1
136,135,4
81,175,376
121,43,3927
81,147,2
181,48,878
113,158,1
161,160,1
122,194,120
31,103,1982
83,45,968
46,38,1701
154,82,1
181,176,6899
61,60,8402
30,59,2093
219,113,4455
101,103,3
105,175,160
96,131,45
108,194,531
160,54,2596
100,120,1
123,65,753
93,107,36
141,41,2280
61,175,160
84,100,1
226,182,963
93,127,8
156,49,559
220,160,1943
135,179,291
197,149,620
209,163,3455
110,6,1524
206,234,4532
113,51,2706
174,175,54
15,17,3117
175,139,39
78,130,1
149,33,7922
86,216,1217
224,101,1868
53,135,121
62,86,66
49,120,3
183,153,836
190,107,4
55,82,167
77,94,1
138,80,642
78,39,3171
93,192,6904
33,77,954
109,58,6
124,175,1
86,132,7
107,124,1
116,191,1452
58,112,4
185,154,1270
34,68,3132
146,121,1
141,215,4832
113,136,1
64,179,354
51,146,6262
54,166,422
100,215,3687
42,144,968
162,76,7
141,103,51
33,99,920
88,112,1
124,30,3074
120,177,8
221,175,2006
169,132,68
91,144,1
93,162,1
119,92,1
57,118,1
178,191,3172
104,99,1
108,121,1
148,114,1
205,57,751
78,213,5743
102,150,17
209,95,1017
208,83,2701
182,139,71
138,108,56
176,178,328
57,45,2825
100,96,8
200,163,2620
20,141,2046
182,85,37
148,146,1
146,157,1
212,107,1591
220,63,5712
133,91,1
139,129,1
75,77,5984
86,40,3439
135,127,1
181,79,106
112,148,4
180,135,91
197,62,6084
141,174,44
93,149,1
45,42,8050
36,169,1648
57,56,5407
129,165,2
222,205,6984
138,74,143
189,38,848
12,174,2023
195,145,3578
185,192,2587
62,101,28
95,209,413
18,125,710
54,153,259
55,181,509
103,152,78
205,126,304
111,81,1
186,157,574
148,128,2
113,116,1
184,219,2255
15,158,684
211,168,2619
172,141,252
56,151,1177
227,149,5345
119,172,1
224,53,779
174,88,58
63,107,1
235,113,3482
117,33,3613
195,212,7218
101,183,76
146,181,269
91,128,3
194,111,114
56,79,222
107,63,1
208,170,1978
109,181,48
176,180,90
62,202,6492
184,164,1957
48,28,2172
98,50,1752
198,117,1399
59,160,513
67,142,5
111,172,1
92,73,74
186,72,520
40,84,873
166,112,19
47,120,8
101,180,636
46,225,1906
136,147,1
49,71,3785
119,87,4
138,136,1
127,94,1
80,44,1183
56,130,42
141,138,28
182,113,81
138,154,1
24,90,2057
133,92,1
92,117,1
90,100,2
44,159,5468
94,114,2
185,94,1
129,188,262
188,83,1
116,56,87
174,129,23
82,151,1
114,171,1
99,175,1
85,171,1
71,189,1040
54,246,7081
50,120,1
118,75,1
193,143,662
233,158,7951
106,197,129
220,77,1455
113,120,1
133,197,4383
181,130,4
121,35,2817
144,70,46
138,129,1
165,147,1
122,57,717
175,132,47
153,106,3
177,130,43
114,65,1
207,91,933
162,189,886
161,133,1
147,130,1
93,79,1
175,168,1
65,188,936
101,173,1
152,165,136
45,232,9166
144,194,2439
30,58,2320
169,121,1
159,59,1066
170,134,8
167,51,312
164,201,4531
57,130,192
45,96,2731
180,107,5
134,27,2694
170,129,140
89,203,704
189,177,319
149,129,2
233,108,1302
177,117,1
150,166,73
240,55,1310
91,72,62
153,223,3689
145,192,1025
138,85,726
127,167,1
85,128,1
97,98,24
119,191,6513
95,84,1
150,125,2
32,182,2570
97,159,1
48,82,1800
125,18,954
191,65,2236
69,56,3206
66,210,3911
85,223,8049
86,131,4
94,48,1216
60,174,511
120,144,1
147,184,787
70,84,44
78,70,180
112,189,11
168,96,1
175,180,83
57,157,967
84,77,10
150,106,1
11,209,3426
151,73,652
67,184,215
46,149,3287
142,40,2135
159,88,4
26,79,5629
185,124,1
119,104,1
100,166,5
107,121,1
63,157,1
163,66,83
183,142,256
100,202,589
117,92,1
212,26,3951
167,81,1
151,177,210
177,82,109
117,104,1
181,224,3309
75,121,1
171,210,2298
84,43,956
51,74,2398
106,88,1
171,59,118
184,134,24
162,67,10
27,135,604
225,128,917
112,190,189
212,198,5294
236,116,1073
27,71,2374
131,40,351
32,75,1353
134,148,2
120,160,1
143,145,1
208,210,2432
59,64,482
176,64,43
90,134,5
153,173,535
49,184,701
197,193,675
32,32,3694
90,68,1205
82,148,1
134,63,1472
164,38,562
113,75,1
178,44,1921
11,239,10224
92,199,1009
75,208,402
105,134,1
223,148,2495
195,164,348
147,93,1
187,189,708
152,14,4403
35,202,5283
106,159,13
98,56,54
128,115,1
161,176,2944
147,188,559
173,94,1
115,77,15
196,173,510
197,14,3791
210,214,3237
109,169,15
69,194,998
121,193,87
185,204,620
120,131,1
168,94,1
156,77,20
49,67,900
113,92,1
97,94,15
71,137,9
64,100,46
93,144,1
104,71,2
162,74,2
139,162,39
44,107,646
210,91,418
99,129,1
96,45,352
123,102,1
191,79,2632
110,146,1
162,177,1
188,164,74
106,132,24
169,101,1
153,63,58
205,40,811
191,61,199
204,89,619
33,98,234
174,103,5
75,101,11
181,146,16
49,146,730
184,46,341
127,190,2352
172,164,2
90,144,1
124,138,1
102,154,1
115,95,1
145,72,39
94,67,197
116,48,536
175,158,2
186,120,9
28,118,1158
220,110,1488
176,51,572
51,33,916
39,129,441
77,63,209
122,150,1
192,95,12
161,158,1
80,128,1
228,103,1852
185,215,2682
201,122,723
54,199,716
44,128,1712
234,152,1481
147,49,879
173,113,2
5,171,1508
45,215,2418
113,162,1
65,62,2545
138,106,9
71,160,3
84,82,21
28,211,3285
162,84,2
83,117,18
156,128,13
124,33,1601
179,192,2326
43,113,73
205,185,697
20,116,543
125,62,978
114,13,4032
180,135,135
171,181,90
196,102,1
159,84,2
33,210,1461
185,163,57
190,158,70
155,55,749
67,159,13
154,96,1
157,16,1386
231,173,14905
52,166,2521
47,92,3013
227,127,1392
154,61,2622
176,153,21
207,64,520
105,156,2
163,99,1
56,121,1
60,42,1842
150,47,923
118,214,2609
58,186,324
127,102,1
38,137,994
102,61,1
75,132,24
95,135,4
76,49,8107
230,139,843
78,118,1
172,140,2
133,191,590
200,120,377
144,84,2
137,99,1
70,104,25
189,144,1238
150,153,1
180,177,100
129,114,1
64,86,1
107,82,1
141,64,251
162,189,135
127,7,1689
200,74,596
154,50,502
105,22,629
67,188,211
27,106,964
6,47,6242
136,165,64
31,88,897
173,129,13
221,170,3780
45,152,432
167,69,1
25,209,2286
122,87,1
121,130,1
165,141,1
94,49,113
20,97,710
47,123,1
142,87,1
47,61,1932
126,59,306
51,85,6059
125,63,538
208,108,1006
194,193,11777
33,84,310
169,143,1
59,76,449
108,193,283
41,159,948
119,135,1
94,98,31
106,118,1
161,112,1
100,93,2
44,139,206
80,74,629
107,138,25
142,174,251
64,106,1
127,207,170
102,185,890
84,185,658
167,112,69
41,97,615
170,43,3922
102,189,2138
73,150,1
59,126,8
153,173,33
37,114,81
169,5,2722
211,124,1321
69,80,224
192,72,412
205,112,4837
50,103,192
192,122,217
33,222,3490
129,150,1
59,246,5155
169,48,488
156,79,1
193,144,179
139,203,2795
185,99,1
91,163,2
211,193,4129
96,186,822
42,165,1848
161,173,2
97,104,9
155,161,1
195,177,274
94,73,44
223,140,2854
94,180,50
185,173,17
142,24,2074
156,177,81
139,234,2010
125,185,1417
104,98,1
147,156,2
58,75,741
164,62,44
113,85,1
173,79,6
186,199,352
185,98,1
68,188,3059
82,96,11
147,188,290
120,173,1
114,48,404
48,91,1667
86,119,1
56,111,2
113,170,1
115,101,1
41,147,203
136,85,298
182,155,11
100,33,992
102,236,3690
120,202,1097
184,103,1
118,144,1
91,74,71
105,57,1
198,89,345
54,42,2051
123,115,1
145,88,1
33,193,3397
133,141,6
55,94,5
129,186,2291
77,47,1269
206,60,1659
57,38,1669
99,97,2
166,49,1419
66,61,4582
40,179,1659
76,92,2
151,77,10
172,95,1
188,91,1
217,101,200
78,104,1
73,180,151
63,128,76
195,120,200
176,93,1
228,178,824
156,100,1
168,72,1
90,86,54
154,187,451
160,123,3
184,118,1
158,141,4
129,57,286
178,110,5
93,156,1
104,156,1
191,126,1
102,179,9
172,53,786
157,64,206
161,189,1215
101,144,12
112,177,1
190,161,147
95,202,6156
195,114,50
212,130,206
72,97,6
101,192,71
167,71,1
107,53,1
24,119,683
67,75,378
101,97,1
200,84,108
170,78,2
197,88,33
76,185,208
133,95,4
174,70,3715
74,108,1
178,166,7
138,172,611
51,92,571
55,104,4
29,117,1232
90,70,304
93,213,1658
75,79,5
77,168,28
41,95,188
136,121,3
81,141,1
132,220,684
98,141,1
228,134,1500
83,83,1
80,158,1
66,48,1720
94,114,1
111,96,1
33,188,1941
103,116,2
51,196,508
188,202,394
42,156,1114
232,169,1169
161,107,4
113,197,645
124,155,1
76,188,83
59,113,1
89,143,4
150,101,2
176,106,27
106,36,97
145,107,1
173,174,27
110,77,10
160,89,4
64,182,1130
198,133,816
168,102,7
98,161,1
142,149,1
87,119,1
121,57,73
174,123,3
148,97,2
102,97,1
209,61,1138
64,50,830
120,169,1
191,204,3310
168,182,7960
53,65,461
69,52,1904
118,151,2
172,80,70
72,141,1
126,140,1
29,80,5328
165,170,1
120,154,1
109,220,4707
70,57,1400
169,77,1
154,222,4171
148,197,461
172,32,4072
209,212,5221
135,23,3733
109,189,22
91,121,2
51,154,35
216,146,1147
113,123,1
198,149,480
185,204,873
71,158,4
31,146,3341
161,49,259
225,93,1530
195,151,242
155,79,1
195,123,639
99,173,1
63,170,341
240,196,7245
142,89,2
30,99,540
153,117,1
82,131,1
138,82,878
160,146,5
176,46,78
156,112,1
87,150,4
118,160,2
150,166,3
90,87,10
180,36,2218
202,119,216
43,176,1544
134,143,32
9,115,220
167,40,1894
102,56,1
107,30,926
41,61,3697
81,160,7
37,187,8694
138,166,1
199,65,2574
142,201,4756
149,175,51
208,133,2153
136,65,1266
31,66,1207
72,148,1
63,73,154
97,114,1
118,121,1
53,101,251
219,152,1153
116,22,2353
180,113,1
230,88,4830
218,218,6474
125,160,1
142,124,1
37,81,2128
98,206,977
199,228,3920
212,42,857
57,213,4582
78,129,1
127,132,1
161,121,1
158,170,1
183,115,4
141,128,3
163,63,5
157,63,3723
97,202,965
22,93,720
98,127,1
179,56,3061
87,5,1085
180,177,215
103,132,1
42,76,992
213,97,1167
122,14,2846
130,120,1
29,74,1838
189,104,1
58,89,3
150,147,3
214,150,2648
230,121,2382
63,122,1
19,164,2541
125,189,213
141,119,1
90,129,4
221,201,4700
107,201,6427
32,180,5304
131,150,1
54,88,27
92,139,1
171,189,178
172,243,3711
187,74,15
42,143,667
70,118,2
195,55,742
234,234,4767
107,52,1
44,26,2408
112,182,1
237,191,2812
84,197,894
196,118,773
157,201,965
183,188,1006
46,92,313
79,96,1
102,223,6313
121,107,1
195,209,4219
28,86,5917
234,157,1304
176,100,13
200,116,4372
215,98,1185
206,72,896
110,82,1
197,80,81
135,54,2597
187,134,26
34,74,528
105,132,4
155,115,7
105,50,1
210,141,550
220,50,2316
126,180,109
139,157,69
192,54,1382
146,54,411
172,228,1323
11,53,2827
169,241,2756
134,218,1944
50,87,1487
197,132,81
102,140,1
72,64,221
235,182,1556
174,22,2612
51,105,434
233,185,4983
149,37,1881
163,149,5
168,41,927
116,72,1
45,114,2
75,157,1
83,245,2240
71,217,2476
95,60,511
121,69,25
212,63,2996
69,112,1
175,200,6999
178,82,156
174,9,1700
59,219,4543
119,56,162
120,194,2734
236,59,896
121,199,382
140,41,823
103,53,7
188,153,303
182,115,31
203,167,485
68,60,245
54,225,1722
110,112,7
66,140,1
156,2,956
166,59,2
68,42,1386
209,90,330
128,228,871
58,59,1141
67,193,1185
228,72,1874
171,164,1
148,77,2
54,116,1
189,44,4974
143,183,752
55,108,1
45,99,432
189,128,22
25,150,1647
230,143,2118
76,87,8
131,115,1
75,190,3243
138,81,41
107,209,4155
218,3,4359
166,120,1
49,57,768
201,131,273
128,135,6
53,131,2034
59,44,2231
168,96,1
184,107,2
65,171,57
160,37,399
127,73,148
138,199,655
190,37,1461
195,104,1
146,186,3954
59,37,1103
236,153,4236
166,69,1
54,149,26
114,98,1
66,147,2
231,86,2507
96,125,1
125,98,1
109,109,4
57,157,12
183,174,134
220,52,2313
90,115,1
17,160,6897
154,100,1
96,173,1
93,189,109
138,168,1
152,181,266
108,188,1
44,5,3464
191,8,4833
193,131,8
183,117,1
122,224,7021
206,182,7094
145,164,32
55,128,6
206,176,367
28,104,4057
158,130,10
96,50,16
146,97,1
53,70,2509
84,217,3478
59,22,2819
124,124,1
219,196,2297
40,140,890
195,178,204
161,72,6
176,115,1
90,37,983
59,106,1
43,148,5218
142,188,1068
140,64,745
156,61,19
226,137,4215
125,110,1
107,142,16
94,47,2455
94,125,1
135,68,1164
71,85,9
155,100,1
155,169,1
110,67,1
64,107,1
224,59,906
168,178,1
63,82,2
118,112,1
149,174,40
99,144,2
204,96,27
212,183,1664
148,210,4482
64,67,368
71,140,1
168,93,1
213,150,1014
101,204,350
123,36,673
209,133,2796
104,166,42
51,86,143
83,229,748
208,174,4617
29,70,2863
138,100,1
179,129,8
73,160,1
99,90,1
102,183,31
109,171,1
56,162,121
92,121,2
185,111,2
107,201,30
130,133,1
95,208,1827
138,120,1
163,166,2
76,172,21
46,168,303
100,100,4
169,64,1
147,80,1
73,99,12
72,84,58
197,235,2850
97,155,2
204,97,1187
28,110,1585
88,28,311
166,64,1
191,75,2141
152,30,6088
223,130,1137
88,180,21
92,124,1
63,62,1235
80,105,1
203,64,1910
101,177,14
55,80,30
96,151,1
81,68,216
70,172,78
100,186,147
115,121,1
191,28,1418
95,167,2
79,52,652
170,105,1
25,73,1204
186,91,1
60,49,1114
69,191,954
216,36,4310
44,192,5303
162,149,1
201,183,339
108,158,20
215,189,4208
80,143,1
86,61,937
195,42,2981
135,89,4
37,152,785
179,176,21
116,116,1
162,55,15
31,141,1466
150,126,8
50,76,75
129,113,1
204,177,2381
143,111,3
38,115,8
201,110,79
70,175,75
197,115,299
87,164,1
55,232,1511
34,141,389
202,100,49
166,119,1
96,60,50
119,205,407
121,152,1
210,89,304
153,115,1
164,189,21
199,102,1
107,121,1
103,174,9
198,21,4360
124,156,1
122,67,383
184,169,9
150,83,1
110,167,4
97,138,1
204,87,37
74,73,219
142,138,2
139,28,1903
207,102,33
190,170,13
132,164,4
186,119,1
211,128,1918
27,75,1553
159,213,1967
147,100,1
88,144,1
128,171,1
126,147,1
6,72,1391
127,57,547
178,246,1933
52,110,7
96,193,162
201,198,3911
144,111,1
144,30,1693
96,213,4339
104,54,1
228,106,2115
192,124,1
86,185,69
119,68,13
151,134,1
217,186,3426
118,143,1
26,41,777
208,139,884
114,164,1
200,110,326
117,68,8
107,37,154
132,134,18
83,196,751
40,15,3297
76,84,1
197,123,501
31,129,1331
76,169,38
175,122,2
54,145,50
114,186,1
172,187,104
81,41,2539
76,176,265
115,50,91
36,50,1184
35,142,302
77,179,770
122,23,2726
56,85,20
173,158,2
188,69,112
95,104,9
108,62,1
80,60,369
58,91,1
172,138,117
227,94,480
32,74,296
135,147,1
187,144,254
181,103,2
82,148,2
193,202,2729
191,117,71
90,108,1
69,138,1
131,218,1410
110,149,24
120,43,694
115,32,3255
40,129,186
135,92,1
186,22,2905
59,119,1
93,70,1
73,57,1905
54,156,5
154,72,8
199,208,6196
117,135,1
191,156,536
107,112,1
129,78,31
92,11,2129
76,81,1
23,220,7616
181,70,618
78,19,1489
186,81,1
207,60,1057
65,146,5
161,52,269
175,162,5
215,211,2734
187,81,1
66,27,2328
128,38,7945
122,160,3
219,117,245
132,225,1562
220,42,4327
85,192,255
211,145,1297
213,160,812
47,93,301
45,147,74
176,202,265
132,161,26
200,89,45
98,75,2
185,122,1
86,120,1
183,55,1678
162,82,1
121,28,1887
89,181,46
177,77,76
203,162,1065
156,66,166
79,130,1
141,197,761
163,163,1
38,139,198
103,112,1
224,219,5431
162,218,1444
73,76,15
163,194,206
179,41,821
98,91,1
117,206,266
140,225,3452
38,94,942
107,172,24
19,142,2299
151,132,3
211,129,535
225,179,726
124,61,3865
109,232,2635
151,103,1
183,52,3658
124,64,81
49,67,501
98,108,1
152,135,1
208,63,1950
210,114,1652
189,127,1
115,168,2
77,1,4617
40,134,368
82,80,1
82,222,5965
104,146,48
115,109,12
104,23,1512
83,150,1
185,102,1
198,107,200
219,25,3923
59,136,39
35,99,404
111,125,1
220,197,2320
75,182,30
201,133,34
202,122,231
171,28,4944
45,119,7
151,103,1
165,216,3426
146,131,1
42,208,6995
188,207,239
226,107,379
118,169,1
116,165,5
131,52,1262
102,14,1427
171,88,1
134,113,1
96,162,1
124,51,3375
196,86,41
100,42,250
150,117,1
191,135,163
106,51,1
194,64,298
83,100,1
38,178,1984
68,56,8468
139,177,806
86,185,262
132,27,2565
80,148,1
55,196,1476
141,45,5162
153,103,1
195,89,1
177,145,39
200,127,271
196,19,3433
194,116,208
201,65,136
168,61,1
94,54,2
40,98,743
17,5,6216
38,130,35
115,135,1
214,27,9614
139,117,2
130,190,216
167,200,2481
52,24,2418
189,70,58
133,140,1
35,23,1578
77,107,1
240,114,872
38,98,79
139,46,792
151,163,1
142,21,1242
106,80,1
140,129,1
60,30,5039
98,166,1
90,136,1
102,85,1
87,180,11
197,75,98
56,41,2182
131,72,123
130,104,1
102,110,1
184,162,17
112,47,33
190,180,36
102,98,1
135,100,1
65,37,1917
39,68,3520
14,126,1498
140,99,2
125,207,2026
159,99,1
134,67,666
104,216,1093
64,135,141
139,49,866
208,34,771
145,53,203
75,205,805
122,96,2
110,78,1
15,213,5652
67,172,23
79,137,7
202,204,728
163,67,1
120,16,1626
157,85,1
194,158,1876
33,122,454
208,132,567
66,119,1
81,83,1
168,192,267
33,66,585
164,103,3
113,124,1
193,83,1
162,166,1
43,97,439
196,110,26
102,85,1
133,60,1081
137,26,434
178,222,1133
180,130,1
194,112,7
94,87,16
97,173,1
134,125,1
124,105,1
146,222,3321
30,128,318
193,180,625
33,61,791
96,123,1
72,170,8
159,164,2
163,168,1
72,120,1
164,72,1
155,130,4
130,215,2559
238,51,637
137,87,14
97,141,1
85,118,1
53,221,2583
41,136,571
219,69,1525
203,128,4303
14,16,3257
63,183,7206
150,138,1
105,56,1
85,63,56
55,149,74
213,159,1030
225,53,949
80,196,142
68,184,1066
133,114,1
156,179,14
245,117,2868
170,90,1
104,144,39
150,121,1
62,157,1
73,185,305
112,130,1
152,84,1
118,90,1
118,114,1
76,169,2
183,122,1
93,76,1
118,142,1
126,219,4560
155,200,1593
136,47,708
120,140,1
53,162,618
195,41,558
177,171,1
208,188,982
176,45,1453
68,122,1
134,35,1805
57,46,1495
213,106,846
75,121,1
57,39,1988
133,8,1137
165,101,1
150,66,412
117,10,1590
166,189,442
147,52,3612
205,163,2059
218,118,3784
57,107,1
98,49,4474
56,30,4631
91,198,4445
76,72,685
179,146,13
101,147,4
180,41,100
233,126,4544
114,64,1
163,159,1
90,24,1424
102,24,817
32,164,550
215,167,1890
62,103,17
154,75,64
31,48,7400
187,61,35
177,122,1
104,228,433
168,176,1
71,231,1499
99,162,1
111,26,938
219,208,3311
89,227,5156
202,119,87
11,21,4758
117,20,1769
232,180,3768
110,132,9
210,186,1550
175,115,1
172,50,52
119,191,6
133,87,13
87,161,1
127,56,2024
135,218,584
90,10,3542
221,136,738
33,137,518
171,110,44
215,104,317
60,119,1
62,132,261
140,115,1
140,117,1
77,107,1
105,92,1
127,47,404
40,110,49
122,66,31
176,121,1
157,44,2363
68,32,2579
69,117,2
73,117,1
58,113,2
196,228,2471
137,185,482
63,62,181
169,44,1279
68,177,23
81,96,1
80,73,10
95,103,5
195,173,53
5,72,2340
105,43,1021
89,144,1
183,33,1399
194,134,617
154,90,1
187,45,1185
136,39,233
155,223,3378
104,68,2
97,144,1
67,86,4
23,130,473
72,70,130
194,118,131
103,79,1
184,47,67
128,241,3068
122,112,1
160,122,2
82,93,1
66,24,1517
44,151,166
46,111,122
112,182,1
236,204,2516
185,197,695
135,228,5568
94,24,994
118,147,1
188,76,9
178,116,1
65,82,2
139,54,626
71,132,11
156,138,1
198,142,222
125,74,47
130,72,122
140,77,60
180,194,689
139,72,496
112,68,1
162,198,158
31,126,35
61,218,2658
49,240,3905
142,161,11
74,21,2434
74,136,5
190,78,1
157,125,1
12,110,2130
170,175,1
71,109,21
140,92,8
192,133,406
222,209,1353
85,99,1
218,79,2077
235,100,6478
114,174,1
96,78,1
69,144,1
161,49,19
185,182,15
141,87,1
135,223,4686
216,132,823
41,136,684
66,5,2274
96,83,1
133,131,1
183,118,1
188,61,235
181,135,400
44,147,570
76,101,13
71,106,3
156,0,2339
205,212,4445
164,189,6
175,182,1
177,133,12
186,163,1
161,67,1
81,163,17
137,72,222
83,168,1
94,56,1
40,82,855
5,117,1336
82,148,1
192,60,132
165,193,322
30,110,452
104,228,3011
102,189,45
208,136,929
146,62,76
186,38,239
170,229,2971
120,78,5
42,188,2329
201,50,549
236,222,3158
124,127,1
69,110,1
113,160,1
181,125,1
151,113,1
109,47,1
49,164,249
140,22,885
120,216,1629
130,96,1
156,82,1
198,85,107
99,60,2
116,50,269
42,156,588
219,18,2339
159,74,2
157,89,4
101,56,1
166,64,1
62,134,85
202,111,234
106,91,4
73,205,1658
155,197,1188
234,227,1855
91,63,111
192,82,1
35,153,1575
183,19,4078
188,145,84
73,99,6
198,145,421
89,115,1
147,9,2058
120,190,1
206,99,197
159,130,1
123,119,1
118,113,1
88,185,246
53,56,4027
151,128,16
52,185,316
113,112,18
96,49,93
72,193,2087
106,74,1
169,242,1484
180,63,17
136,91,1
137,90,4
173,98,3
150,173,84
97,4,498
178,179,23
79,226,787
66,201,816
87,126,1
132,163,10
22,68,2286
152,85,1
95,140,1
41,97,3133
127,180,8
155,209,1084
99,175,1
170,59,1
197,105,1
89,135,6
87,197,141
95,178,1
21,153,861
212,17,2820
240,96,1689
106,65,3
133,147,1
155,38,3152
28,166,1963
149,168,14
173,78,4
172,168,4
130,83,2
113,182,1
137,93,1
159,85,1
174,97,1
92,170,1
166,107,23
90,144,1
156,147,5
245,151,799
233,170,4958
131,245,5865
48,107,35
43,147,1140
103,69,10
176,158,1
151,55,956
214,185,4504
157,55,2
217,111,157
87,156,9
96,60,10
99,91,1
196,97,2
174,51,324
121,71,1
190,136,1798
148,82,1
71,155,8
149,130,1
181,229,1540
104,166,84
24,115,1749
160,106,1
70,82,8
206,85,3459
70,70,84
115,107,1
33,132,2589
148,117,1
24,78,2843
118,215,183
76,221,1597
28,15,4361
183,98,1
117,229,2446
102,197,588
176,145,22
4,107,527
101,151,1
95,221,5315
137,167,1
190,217,688
169,146,1
19,25,4602
2,20,1983
185,82,1
110,132,5
16,59,4475
46,115,1
75,156,1
213,71,433
102,220,4195
118,175,1
134,110,8
94,117,1
36,181,5476
229,85,2876
55,85,14
98,71,2
61,123,1
164,151,1
52,58,930
35,227,3139
103,73,2
130,97,1
54,182,7421
228,78,3323
123,92,2
109,215,1110
62,153,1
154,119,1
2,98,1560
172,57,1
161,206,2407
164,166,1
57,90,2
53,53,1150
38,71,1247
221,147,1117
105,183,1
160,103,14
105,84,1
94,212,1148
105,28,2537
200,155,57
53,141,2
118,168,1
85,32,809
96,208,482
87,65,129
135,173,483
146,92,2
119,103,1
141,161,9
202,131,72
147,54,1294
55,140,1
220,76,1510
150,138,1
64,196,2419
232,64,10899
224,145,3303
89,63,142
73,52,288
144,243,1538
138,121,1
51,47,2219
55,96,1
54,201,1435
152,91,1
179,117,2
98,167,3
138,104,2
120,125,1
89,107,1
168,72,1
195,70,20
169,25,860
102,167,1
139,133,1
89,74,25
107,202,570
180,205,950
150,163,1
101,55,1
126,73,268
227,69,1874
216,87,1587
176,108,10
49,134,86
139,173,44
195,141,191
71,85,1
191,202,2122
141,41,580
66,171,30
104,150,80
127,141,1
104,22,2467
113,103,1
65,196,4861
161,86,31
235,148,2171
127,71,96
177,37,479
34,152,312
194,166,22
222,74,687
124,194,33
186,144,103
115,145,1
73,124,1
210,157,1717
97,94,3
122,66,3
119,56,97
176,46,136
50,200,4759
62,173,408
205,171,1010
234,130,2504
100,94,1
51,67,595
183,85,147
116,78,1
113,85,1
103,167,5
121,147,1
119,127,1
109,82,1
124,63,64
16,81,2190
187,61,50
69,166,1
63,125,7
25,78,3459
197,43,307
92,17,1057
161,79,1
226,59,3051
187,134,5
125,207,7671
105,102,1
241,162,6446
137,76,69
47,239,2792
53,189,1472
162,74,1
182,132,1
229,112,565
178,51,482
162,147,1
212,125,718
159,48,208
150,171,55
120,137,1
219,98,585
30,206,1000
29,133,55
93,73,5
145,212,1858
29,154,1879
147,208,971
189,196,578
223,151,827
58,192,6783
157,41,680
71,38,3916
100,185,8
118,193,71
68,102,16
170,80,2
44,106,100
74,113,6
143,108,2
180,103,51
63,59,1236
99,153,1
140,220,4596
129,14,1769
124,99,1
112,55,3
24,148,391
214,72,507
24,201,3146
97,75,9
97,83,1
120,99,15
98,114,1
61,174,48
229,206,4395
71,95,1
86,118,1
157,93,1
71,125,1
183,175,1
91,176,1
125,68,41
24,136,643
88,162,1
93,136,2
81,29,6734
55,117,1
189,58,331
136,105,1
72,203,355
72,240,2426
96,223,1268
69,166,1
156,43,154
163,51,9
135,162,42
69,112,1
160,88,2
46,85,44
197,120,366
193,135,11
184,119,1
138,75,212
176,31,1725
176,229,1676
186,230,982
136,83,13
81,160,3
149,155,1
108,196,1
216,238,4519
133,225,419
200,40,2302
191,32,1326
163,138,1
177,172,1
124,147,1
108,36,52
197,134,4
195,49,332
42,169,1305
120,87,2
195,179,123
179,45,887
185,130,1
26,34,4018
187,101,1
227,121,2948
123,74,1
202,192,434
107,89,1
52,67,484
107,43,1
93,145,1
102,128,1
211,44,3814
125,97,1
78,23,1854
68,195,508
2,105,832
121,76,1
153,59,197
74,79,47
189,184,61
81,183,36
108,78,5
64,159,1
81,185,405
232,111,1866
157,43,3287
125,72,45
80,30,347
115,67,2
175,172,1
134,148,1
181,108,12
24,198,3068
86,4,1427
27,92,933
191,99,2
121,145,1
163,204,342
119,95,1
61,198,949
108,148,2
216,196,11727
190,103,1
209,198,1670
179,185,1
192,188,943
125,38,1532
215,60,1641
138,125,1
174,124,66
188,167,4
201,159,185
142,94,1
39,82,578
80,75,1
42,75,93
101,155,1
183,82,9
95,176,1
52,176,1168
204,163,1373
93,120,4
187,116,1
170,50,2
222,63,1166
67,119,1
122,102,2
169,115,2
128,91,1
83,240,2504
64,132,39
126,109,1
158,78,1
39,79,279
137,119,5
109,84,2
78,132,2
219,156,530
147,105,3
124,150,1
88,150,1
99,25,1244
165,162,1
119,150,1
76,141,1
175,115,1
67,46,4058
140,154,1
189,94,7
160,235,2380
178,145,4
175,136,57
223,49,1078
107,56,1
117,142,1
44,36,1294
135,186,215
182,85,80
239,83,635
198,20,8884
32,153,744
79,101,4
49,59,1610
123,159,6
22,72,2559
156,206,3856
67,174,132
59,103,1
17,162,1431
196,57,1176
119,164,1
88,73,16
172,81,48
72,97,1
92,158,1
77,50,262
42,142,588
196,158,76
118,193,421
113,110,13
124,98,1
136,92,1
156,100,1
156,140,1
45,105,126
141,205,483
127,152,1
150,144,1
76,82,1
81,172,2
172,10,1239
33,133,213
199,164,3679
100,182,1
196,55,1064
124,141,1
160,99,1
162,238,4434
73,99,1
84,123,2
139,3,7436
63,74,1
226,131,1668
217,75,582
55,216,3187
239,152,1875
86,87,10
71,78,22
200,98,3
154,106,1
199,85,94
45,97,183
175,49,9
120,158,1
154,127,2
198,169,103
181,129,1
174,198,76
90,117,2
67,64,2475
79,206,359
185,183,35
163,238,1982
145,141,1
63,57,133
32,210,1094
110,152,18
237,137,3896
56,206,2664
124,202,102
100,105,1
129,173,1
137,66,1945
128,59,394
149,51,45
211,63,1842
88,135,2
203,163,5535
65,105,8
123,90,1
207,98,37
229,166,1131
58,87,3
164,33,2664
211,93,74
243,202,7622
145,125,1
98,116,1
165,37,346
44,159,1133
79,102,1
215,170,4760
42,234,1895
158,37,2113
180,97,1
30,42,1487
124,204,279
213,194,846
195,73,81
216,168,3820
199,127,2
104,40,1
79,107,1
147,145,1
113,151,8
191,160,1
142,66,434
87,132,31
160,219,2982
72,118,1
124,94,1
166,49,94
132,191,3385
161,81,1
58,13,2067
95,135,5
173,178,1
115,70,1
159,68,13
89,93,2
198,171,316
66,91,1
214,201,2096
57,156,1
83,148,1
84,185,238
90,9,1755
229,20,4425
211,65,1836
198,113,159
129,156,1
38,105,284
108,204,89
117,63,1
78,107,1
195,192,141
153,56,92
51,89,26
111,72,3
120,25,1077
71,150,1
146,46,145
92,46,35
157,122,1
139,72,54
156,34,1830
43,143,575
32,131,94
46,56,2284
98,108,1
108,175,5
137,149,1
63,21,996
156,112,1
48,63,272
76,107,1
180,192,79
137,67,841
121,164,1
36,142,567
91,125,1
157,27,1136
166,76,1
225,161,2929
63,177,2529
42,38,3601
170,136,2
85,221,776
227,140,1848
239,158,2800
66,138,1
124,95,1
67,79,25
140,73,100
189,180,9
101,124,1
91,95,11
16,89,988
74,154,1
204,103,1
78,39,518
51,197,1211
124,103,1
90,20,174
118,176,1
82,23,7756
199,174,2173
167,43,116
141,230,2486
175,57,1
133,156,133
121,162,1
99,145,3
112,179,1
66,70,110
128,160,1
56,177,736
67,199,1170
168,174,1
71,142,1
165,168,1
198,97,1
123,167,1
131,85,97
166,224,7428
54,154,9
94,38,170
18,127,768
69,87,2
27,74,1813
87,144,1
32,227,4266
103,100,2
104,166,3
170,195,48
123,20,987
25,70,1822
155,186,39
206,35,1704
45,34,920
42,97,751
48,64,935
167,50,2
80,125,1
129,15,1381
7,78,2007
97,111,1
149,51,1406
156,66,4
218,37,3595
112,142,1
220,58,7746
75,138,1
92,229,4622
225,39,1428
188,164,9
72,39,701
181,72,7
128,205,229
120,109,1
111,121,1
174,154,1
185,100,1
43,90,304
117,147,1
235,195,1551
174,154,2
107,19,240
77,55,796
144,175,87
204,114,475
25,182,1231
120,58,11
24,159,949
116,197,7
198,117,133
166,230,930
107,218,2066
69,232,7414
77,193,414
132,100,7
58,170,297
67,174,154
110,156,13
202,68,201
154,106,3
18,112,2119
118,81,17
176,78,50
38,167,1313
162,194,1334
186,29,1406
214,45,4301
116,148,1
234,158,1002
162,46,55
126,154,1
54,133,51
216,111,297
139,110,3
139,107,5
84,102,1
215,53,683
211,115,1148
61,198,437
70,39,882
215,39,877
62,73,1
75,166,1
167,204,163
107,70,1
45,121,9
48,195,1464
238,180,2427
134,125,1
140,27,357
131,150,4
83,193,1588
58,71,65
161,75,3
180,129,1
184,133,24
145,242,3915
58,162,6
122,40,702
73,136,7
164,64,4
24,91,1259
155,15,2344
195,43,964
144,169,1
88,76,14
142,158,16
98,112,1
186,59,10
186,79,1
99,130,1
138,134,2
204,116,1420
108,164,30
181,70,12
208,147,375
114,134,1
193,125,2
181,200,735
150,138,1
199,129,1
186,81,1
153,38,2498
150,100,1
86,230,827
195,127,1
229,211,2741
143,70,35
140,58,666
164,177,1
194,166,5
172,147,8
232,197,2597
192,93,2
62,189,367
107,53,1
213,80,49
164,57,3
172,248,2510
181,62,8
144,144,1
145,102,33
122,83,2
34,106,56
238,97,1558
180,29,229
181,83,32
77,81,1
54,132,12
43,165,447
167,55,6
116,74,1
138,143,19
36,30,1707
77,198,322
102,99,4
146,174,59
27,100,931
166,52,4
102,160,3
8,121,793
36,50,2391
69,129,22
202,114,251
119,119,1
157,145,2
227,90,1057
122,130,1
172,39,678
161,146,1
62,124,1
172,55,1
31,154,1268
127,20,3108
164,111,1
53,130,29
26,116,250
215,96,618
131,7,1919
50,128,1
54,91,6
64,38,548
194,48,226
175,156,1
70,214,6524
116,64,1
121,148,1
85,167,1
60,120,1
153,195,765
196,73,76
161,23,1335
149,90,1
188,103,1
136,154,1
173,158,11
35,209,3226
182,78,24
241,86,4195
100,61,1
154,142,1
197,90,34
174,136,16
75,157,1
138,108,5
213,213,1243
65,183,129
166,194,444
144,171,185
45,106,210
224,62,1802
108,120,1
180,103,6
38,62,1182
218,18,2043
81,145,1
117,119,1
48,44,1619
116,64,1
84,182,129
108,204,7
170,47,1
169,137,1
141,125,1
123,59,11
78,104,1
196,60,1066
38,203,1558
180,144,1
82,212,362
45,138,153
30,140,723
174,183,1
228,115,1646
48,144,1970
107,120,1
92,61,57
189,102,1
40,148,342
175,123,1
52,223,3420
160,203,180
181,136,21
116,129,9
99,72,1
230,65,1382
77,161,1
163,110,1
66,168,28
45,124,1
70,131,7
62,226,2009
57,118,1
189,25,672
76,56,365
203,113,40
77,92,1
77,146,1
72,85,3
61,197,3940
60,45,355
198,69,307
104,137,1
204,227,2246
115,169,1
169,160,4
148,90,1
196,99,1
133,50,255
109,188,1
99,134,1
64,136,7
182,47,90
201,185,813
184,150,66
91,63,62
222,79,502
136,43,1326
199,115,89
177,78,15
114,131,1
106,51,1
163,186,1
82,55,592
171,188,1
97,82,1
93,186,367
159,96,1
33,155,802
160,43,93
114,181,1
96,59,1
61,116,1
84,115,2
56,137,3
162,205,547
129,58,58
121,128,1
87,99,1
168,19,1251
217,141,2434
34,225,2605
103,180,5
70,212,1831
122,120,1
102,204,15
160,48,11
80,73,1
78,150,1
228,197,1543
95,67,1
64,112,1
196,42,1610
96,23,408
93,157,1
42,182,1092
114,55,2941
69,225,1679
119,126,1
113,38,8
145,81,1
160,61,1
89,80,32
197,177,110
34,110,3
138,74,28
78,113,1
113,201,17
55,45,616
26,157,1330
175,88,14
156,22,1120
179,76,111
79,161,11
37,206,1120
146,210,764
113,59,3
105,184,1
169,157,2
76,85,1
146,189,513
58,54,389
170,11,1130
193,95,1
69,163,1
20,88,1013
113,134,1
163,134,1
44,23,1190
144,42,2796
180,168,2
100,151,1
120,20,1010
178,87,17
197,115,21
76,105,1
174,72,5
22,93,647
157,33,934
177,45,6
151,89,1
56,60,3605
120,146,1
89,47,169
31,80,3770
23,117,227
77,132,24
40,198,1927
100,157,1
96,152,1
68,85,43
35,134,79
78,142,1
94,173,1
163,10,1110
65,108,1
190,90,1
103,57,3
47,73,9
149,179,311
71,141,1
173,111,72
168,118,1
137,163,98
196,151,126
192,127,1
145,189,762
137,210,249
